  0.00000000   0.99141230  -0.41989485  -1.06084490   0.41678342   1.00000000   0.00000000   0.00000000   1.00000000   1.00000000   0.00000000   0.00000000   1.00000000 
  0.02777778   0.99398337  -0.41225370  -1.06292380   0.40906114   0.99500096   0.00697428  -0.00767761   0.99982843   0.99416300   0.00705001  -0.00788310   0.99963018 
  0.05555556   0.99648466  -0.40459592  -1.06493490   0.40132398   0.98994133   0.01391312  -0.01531250   0.99960358   0.98827503   0.01405541  -0.01572168   0.99920472 
  0.08333333   0.99891632  -0.39692199  -1.06687860   0.39357245   0.98482287   0.02081611  -0.02290402   0.99932576   0.98233790   0.02101589  -0.02351510   0.99872397 
  0.11111111   1.00127850  -0.38923242  -1.06875510   0.38580703   0.97964735   0.02768283  -0.03045156   0.99899525   0.97635340   0.02793110  -0.03126277   0.99818829 
  0.13888889   1.00357150  -0.38152766  -1.07056460   0.37802820   0.97441651   0.03451290  -0.03795454   0.99861236   0.97032334   0.03480076  -0.03896411   0.99759805 
  0.16666667   1.00579530  -0.37380822  -1.07230740   0.37023646   0.96913209   0.04130594  -0.04541238   0.99817738   0.96424947   0.04162456  -0.04661859   0.99695360 
  0.19444444   1.00795030  -0.36607457  -1.07398380   0.36243228   0.96379581   0.04806158  -0.05282457   0.99769063   0.95813353   0.04840221  -0.05422569   0.99625532 
  0.22222222   1.01003660  -0.35832719  -1.07559400   0.35461616   0.95840940   0.05477947  -0.06019060   0.99715241   0.95197725   0.05513346  -0.06178493   0.99550359 
  0.25000000   1.01205440  -0.35056656  -1.07713830   0.34678856   0.95297453   0.06145926  -0.06751000   0.99656304   0.94578233   0.06181805  -0.06929587   0.99469877 
  0.27777778   1.01400390  -0.34279315  -1.07861700   0.33894997   0.94749291   0.06810062  -0.07478232   0.99592284   0.93955046   0.06845572  -0.07675808   0.99384125 
  0.30555556   1.01588540  -0.33500745  -1.08003050   0.33110087   0.94196620   0.07470323  -0.08200715   0.99523212   0.93328329   0.07504625  -0.08417115   0.99293141 
  0.33333333   1.01769910  -0.32720993  -1.08137880   0.32324173   0.93639604   0.08126678  -0.08918408   0.99449121   0.92698246   0.08158941  -0.09153471   0.99196962 
  0.36111111   1.01944530  -0.31940106  -1.08266250   0.31537301   0.93078407   0.08779096  -0.09631276   0.99370044   0.92064958   0.08808501  -0.09884843   0.99095628 
  0.38888889   1.02112410  -0.31158130  -1.08388180   0.30749519   0.92513192   0.09427551  -0.10339286   0.99286013   0.91428626   0.09453284  -0.10611201   0.98989178 
  0.41666667   1.02273590  -0.30375114  -1.08503690   0.29960874   0.91944120   0.10072013  -0.11042407   0.99197062   0.90789407   0.10093272  -0.11332515   0.98877651 
  0.44444444   1.02428090  -0.29591103  -1.08612830   0.29171413   0.91371348   0.10712457  -0.11740610   0.99103224   0.90147453   0.10728448  -0.12048760   0.98761087 
  0.47222222   1.02575940  -0.28806145  -1.08715620   0.28381180   0.90795033   0.11348857  -0.12433871   0.99004533   0.89502918   0.11358795  -0.12759910   0.98639523 
  0.50000000   1.02717170  -0.28020286  -1.08812100   0.27590223   0.90215329   0.11981188  -0.13122164   0.98901023   0.88855951   0.11984298  -0.13465946   0.98513001 
  0.52777778   1.02851790  -0.27233571  -1.08902300   0.26798588   0.89632387   0.12609428  -0.13805470   0.98792726   0.88206697   0.12604944  -0.14166847   0.98381559 
  0.55555556   1.02979850  -0.26446048  -1.08986250   0.26006319   0.89046358   0.13233554  -0.14483769   0.98679678   0.87555302   0.13220718  -0.14862597   0.98245237 
  0.58333333   1.03101370  -0.25657762  -1.09063990   0.25213462   0.88457388   0.13853544  -0.15157045   0.98561911   0.86901906   0.13831608  -0.15553182   0.98104075 
  0.61111111   1.03216380  -0.24868758  -1.09135550   0.24420062   0.87865624   0.14469378  -0.15825283   0.98439461   0.86246648   0.14437605  -0.16238591   0.97958112 
  0.63888889   1.03324910  -0.24079082  -1.09200960   0.23626165   0.87271208   0.15081037  -0.16488473   0.98312361   0.85589666   0.15038696  -0.16918812   0.97807388 
  0.66666667   1.03426990  -0.23288779  -1.09260260   0.22831813   0.86674282   0.15688502  -0.17146605   0.98180646   0.84931092   0.15634875  -0.17593840   0.97651943 
  0.69444444   1.03522650  -0.22497894  -1.09313480   0.22037053   0.86074985   0.16291757  -0.17799673   0.98044350   0.84271058   0.16226132  -0.18263670   0.97491817 
  0.72222222   1.03611920  -0.21706473  -1.09360670   0.21241928   0.85473454   0.16890784  -0.18447671   0.97903508   0.83609693   0.16812461  -0.18928299   0.97327051 
  0.75000000   1.03694830  -0.20914559  -1.09401840   0.20446481   0.84869824   0.17485570  -0.19090598   0.97758155   0.82947122   0.17393854  -0.19587725   0.97157683 
  0.77777778   1.03771420  -0.20122197  -1.09437050   0.19650757   0.84264226   0.18076098  -0.19728453   0.97608325   0.82283468   0.17970308  -0.20241948   0.96983753 
  0.79629630   1.03818980  -0.19593729  -1.09457220   0.19120141   0.83859465   0.18467411  -0.20150870   0.97505967   0.81840490   0.18351863  -0.20675209   0.96865286 
  0.81481481   1.03863750  -0.19065094  -1.09474770   0.18589434   0.83453925   0.18856822  -0.20571035   0.97401646   0.81397119   0.18731220  -0.21106160   0.96744821 
  0.83333333   1.03905750  -0.18536306  -1.09489700   0.18058648   0.83047642   0.19244327  -0.20988948   0.97295371   0.80953390   0.19108378  -0.21534805   0.96622370 
  0.85185185   1.03944980  -0.18007378  -1.09502020   0.17527796   0.82640655   0.19629924  -0.21404611   0.97187152   0.80509337   0.19483335  -0.21961145   0.96497945 
  0.87037037   1.03981450  -0.17478321  -1.09511750   0.16996891   0.82232998   0.20013608  -0.21818027   0.97077000   0.80064992   0.19856092  -0.22385182   0.96371558 
  0.88888889   1.04015170  -0.16949151  -1.09518900   0.16465945   0.81824709   0.20395377  -0.22229198   0.96964925   0.79620389   0.20226647  -0.22806919   0.96243220 
  0.90740741   1.04046160  -0.16419878  -1.09523470   0.15934970   0.81415822   0.20775227  -0.22638127   0.96850938   0.79175561   0.20595001  -0.23226360   0.96112943 
  0.92592593   1.04074420  -0.15890516  -1.09525480   0.15403979   0.81006373   0.21153156  -0.23044817   0.96735048   0.78730538   0.20961153  -0.23643507   0.95980739 
  0.93518519   1.04087530  -0.15625806  -1.09525520   0.15138482   0.80801448   0.21341400  -0.23247323   0.96676392   0.78507964   0.21143404  -0.23851222   0.95913918 
  0.94444444   1.04099960  -0.15361078  -1.09524930   0.14872985   0.80596395   0.21529162  -0.23449271   0.96617265   0.78285353   0.21325104  -0.24058365   0.95846619 
  0.96296296   1.04122790  -0.14831576  -1.09521850   0.14342000   0.80185923   0.21903241  -0.23851494   0.96497601   0.77840036   0.21686852  -0.24470937   0.95710596 
  0.98148148   1.04142920  -0.14302024  -1.09516230   0.13811035   0.79774990   0.22275392  -0.24251488   0.96376064   0.77394618   0.22046400  -0.24881227   0.95572680 
  1.00000000   1.04160370  -0.13772432  -1.09508100   0.13280104   0.79363629   0.22645611  -0.24649259   0.96252666   0.76949128   0.22403746  -0.25289240   0.95432882 
  1.01851850   1.04175130  -0.13242815  -1.09497460   0.12749219   0.78951872   0.23013898  -0.25044811   0.96127416   0.76503595   0.22758892  -0.25694981   0.95291216 
  1.03703700   1.04187230  -0.12713184  -1.09484310   0.12218391   0.78539752   0.23380249  -0.25438149   0.96000324   0.76058049   0.23111838  -0.26098454   0.95147692 
  1.05555560   1.04196680  -0.12183553  -1.09468690   0.11687633   0.78127299   0.23744664  -0.25829278   0.95871401   0.75612517   0.23462585  -0.26499667   0.95002321 
  1.07407410   1.04203470  -0.11653933  -1.09450580   0.11156957   0.77714545   0.24107140  -0.26218204   0.95740656   0.75167027   0.23811134  -0.26898623   0.94855115 
  1.09259260   1.04207630  -0.11124336  -1.09430010   0.10626374   0.77301521   0.24467676  -0.26604933   0.95608099   0.74721606   0.24157487  -0.27295330   0.94706086 
  1.10185190   1.04208720  -0.10859551  -1.09418810   0.10361122   0.77094916   0.24647216  -0.26797475   0.95541145   0.74498930   0.24329839  -0.27492841   0.94630891 
  1.11111110   1.04209160  -0.10594776  -1.09406990   0.10095897   0.76888255   0.24826271  -0.26989470   0.95473741   0.74276282   0.24501643  -0.27689793   0.94555244 
  1.12037040   1.04208940  -0.10330013  -1.09394560   0.09830702   0.76681542   0.25004840  -0.27180919   0.95405890   0.74053663   0.24672899  -0.27886185   0.94479147 
  1.12962960   1.04208080  -0.10065264  -1.09381520   0.09565538   0.76474779   0.25182923  -0.27371822   0.95337591   0.73831079   0.24843606  -0.28082019   0.94402601 
  1.14814810   1.04204380  -0.09535813  -1.09353620   0.09035308   0.76061120   0.25537632  -0.27751996   0.95199660   0.73386024   0.25183376  -0.28472016   0.94248169 
  1.16666670   1.04198100  -0.09006434  -1.09323300   0.08505219   0.75647307   0.25890395  -0.28129999   0.95059957   0.72941141   0.25520954  -0.28859790   0.94091959 
  1.18518520   1.04189230  -0.08477140  -1.09290570   0.07975283   0.75233369   0.26241214  -0.28505839   0.94918492   0.72496456   0.25856344  -0.29245349   0.93933981 
  1.22222220   1.04163770  -0.07418856  -1.09217910   0.06915917   0.74405224   0.26937011  -0.29251057   0.94630316   0.71607772   0.26520563  -0.30009853   0.93612770 
  1.25000000   1.04137960  -0.06625455  -1.09157170   0.06121879   0.73783987   0.27453749  -0.29804349   0.94409632   0.70941954   0.27012994  -0.30577474   0.93367306 
  1.27777780   1.04106450  -0.05832366  -1.09091110   0.05328303   0.73162736   0.27966106  -0.30352856   0.94185084   0.70276817   0.27500520  -0.31140190   0.93117978 
  1.30555560   1.04069260  -0.05039630  -1.09019770   0.04535226   0.72541558   0.28474081  -0.30896608   0.93956703   0.69612433   0.27983149  -0.31698031   0.92864823 
  1.33333330   1.04026420  -0.04247286  -1.08943190   0.03742687   0.71920536   0.28977674  -0.31435631   0.93724524   0.68948873   0.28460890  -0.32251029   0.92607879 
  1.36111110   1.03977980  -0.03455374  -1.08861400   0.02950724   0.71299751   0.29476886  -0.31969959   0.93488576   0.68286207   0.28933751  -0.32799213   0.92347182 
  1.38888890   1.03923970  -0.02663934  -1.08774440   0.02159375   0.70679280   0.29971719  -0.32499624   0.93248894   0.67624501   0.29401742  -0.33342617   0.92082769 
  1.41666670   1.03864420  -0.01873003  -1.08682340   0.01368677   0.70059199   0.30462174  -0.33024660   0.93005509   0.66963820   0.29864874  -0.33881273   0.91814675 
  1.44444440   1.03799370  -0.01082621  -1.08585140   0.00578667   0.69439581   0.30948255  -0.33545102   0.92758453   0.66304225   0.30323156  -0.34415213   0.91542936 
  1.47222220   1.03728850  -0.00292827  -1.08482880  -0.00210618   0.68820498   0.31429965  -0.34060986   0.92507757   0.65645778   0.30776600  -0.34944471   0.91267588 
  1.50000000   1.03652900   0.00496342  -1.08375580  -0.00999141   0.68202018   0.31907306  -0.34572348   0.92253453   0.64988535   0.31225216  -0.35469083   0.90988665 
  1.52777780   1.03571550   0.01284846  -1.08263290  -0.01786865   0.67584209   0.32380283  -0.35079224   0.91995571   0.64332554   0.31669015  -0.35989084   0.90706204 
  1.55555560   1.03484830   0.02072649  -1.08146040  -0.02573754   0.66967135   0.32848900  -0.35581651   0.91734143   0.63677888   0.32108011  -0.36504508   0.90420237 
  1.58333330   1.03392790   0.02859712  -1.08023860  -0.03359773   0.66350859   0.33313161  -0.36079668   0.91469199   0.63024588   0.32542214  -0.37015394   0.90130800 
  1.61111110   1.03295460   0.03645998  -1.07896790  -0.04144886   0.65735442   0.33773072  -0.36573313   0.91200768   0.62372704   0.32971637  -0.37521778   0.89837927 
  1.63888890   1.03192860   0.04431470  -1.07764860  -0.04929057   0.65120942   0.34228638  -0.37062625   0.90928882   0.61722282   0.33396295  -0.38023698   0.89541651 
  1.66666670   1.03085040   0.05216091  -1.07628110  -0.05712250   0.64507415   0.34679866  -0.37547645   0.90653569   0.61073369   0.33816199  -0.38521192   0.89242006 
  1.69444440   1.02972030   0.05999825  -1.07486570  -0.06494432   0.63894916   0.35126760  -0.38028412   0.90374859   0.60426007   0.34231364  -0.39014301   0.88939025 
  1.72222220   1.02853850   0.06782634  -1.07340280  -0.07275568   0.63283497   0.35569329  -0.38504967   0.90092781   0.59780237   0.34641803  -0.39503064   0.88632740 
  1.75000000   1.02730550   0.07564483  -1.07189260  -0.08055622   0.62673207   0.36007578  -0.38977353   0.89807365   0.59136097   0.35047533  -0.39987521   0.88323185 
  1.77777780   1.02602160   0.08345336  -1.07033550  -0.08834561   0.62064094   0.36441517  -0.39445612   0.89518638   0.58493626   0.35448565  -0.40467711   0.88010391 
  1.80555560   1.02468720   0.09125157  -1.06873180  -0.09612351   0.61456204   0.36871152  -0.39909787   0.89226628   0.57852862   0.35844916  -0.40943674   0.87694391 
  1.83333330   1.02330240   0.09903909  -1.06708190  -0.10388957   0.60849581   0.37296491  -0.40369921   0.88931365   0.57213837   0.36236600  -0.41415452   0.87375215 
  1.86111110   1.02186780   0.10681559  -1.06538610  -0.11164347   0.60244265   0.37717545  -0.40826059   0.88632876   0.56576583   0.36623632  -0.41883086   0.87052896 
  1.88888890   1.02038350   0.11458071  -1.06364460  -0.11938487   0.59640298   0.38134320  -0.41278243   0.88331188   0.55941130   0.37006029  -0.42346618   0.86727464 
  1.91666670   1.01884990   0.12233410  -1.06185790  -0.12711345   0.59037720   0.38546826  -0.41726517   0.88026328   0.55307507   0.37383806  -0.42806089   0.86398951 
  1.94444440   1.01726740   0.13007541  -1.06002610  -0.13482886   0.58436568   0.38955072  -0.42170925   0.87718323   0.54675741   0.37756979  -0.43261541   0.86067385 
  1.97222220   1.01563630   0.13780430  -1.05814980  -0.14253079   0.57836874   0.39359068  -0.42611512   0.87407200   0.54045858   0.38125564  -0.43713016   0.85732798 
  2.00000000   1.01395680   0.14552042  -1.05622900  -0.15021892   0.57238671   0.39758823  -0.43048323   0.87092986   0.53417883   0.38489578  -0.44160555   0.85395219 
  2.02777780   1.01222930   0.15322345  -1.05426420  -0.15789291   0.56641992   0.40154349  -0.43481404   0.86775706   0.52791837   0.38849035  -0.44604201   0.85054677 
  2.05555560   1.01045420   0.16091303  -1.05225570  -0.16555246   0.56046866   0.40545654  -0.43910799   0.86455385   0.52167744   0.39203953  -0.45043995   0.84711202 
  2.08333330   1.00863160   0.16858883  -1.05020370  -0.17319725   0.55453321   0.40932750  -0.44336553   0.86132051   0.51545622   0.39554349  -0.45479979   0.84364822 
  2.11111110   1.00676200   0.17625053  -1.04810850  -0.18082695   0.54861383   0.41315646  -0.44758712   0.85805727   0.50925490   0.39900238  -0.45912195   0.84015565 
  2.13888890   1.00484550   0.18389778  -1.04597050  -0.18844126   0.54271079   0.41694355  -0.45177320   0.85476438   0.50307366   0.40241637  -0.46340685   0.83663460 
  2.16666670   1.00288260   0.19153026  -1.04378990  -0.19603987   0.53682433   0.42068886  -0.45592423   0.85144209   0.49691264   0.40578564  -0.46765492   0.83308533 
  2.19444440   1.00087350   0.19914765  -1.04156700  -0.20362247   0.53095465   0.42439250  -0.46004066   0.84809064   0.49077199   0.40911036  -0.47186656   0.82950813 
  2.22222220   0.99881857   0.20674961  -1.03930210  -0.21118875   0.52510199   0.42805459  -0.46412293   0.84471027   0.48465184   0.41239069  -0.47604222   0.82590327 
  2.25000000   0.99671801   0.21433582  -1.03699550  -0.21873840   0.51926652   0.43167524  -0.46817151   0.84130121   0.47855230   0.41562680  -0.48018230   0.82227101 
  2.27777780   0.99457214   0.22190597  -1.03464750  -0.22627114   0.51344843   0.43525456  -0.47218683   0.83786370   0.47247347   0.41881888  -0.48428723   0.81861161 
  2.30555560   0.99238125   0.22945972  -1.03225820  -0.23378664   0.50764789   0.43879267  -0.47616936   0.83439797   0.46641542   0.42196710  -0.48835744   0.81492534 
  2.33333330   0.99014563   0.23699677  -1.02982810  -0.24128462   0.50186504   0.44228969  -0.48011953   0.83090424   0.46037823   0.42507162  -0.49239334   0.81121245 
  2.36111110   0.98786556   0.24451680  -1.02735730  -0.24876479   0.49610002   0.44574573  -0.48403781   0.82738273   0.45436201   0.42813262  -0.49639534   0.80747320 
  2.38888890   0.98554131   0.25201950  -1.02484620  -0.25622683   0.49035295   0.44916091  -0.48792464   0.82383367   0.44836679   0.43115028  -0.50036386   0.80370783 
  2.41666670   0.98317316   0.25950455  -1.02229500  -0.26367047   0.48462393   0.45253536  -0.49178048   0.82025728   0.44239261   0.43412476  -0.50429931   0.79991661 
  2.44444440   0.98076138   0.26697165  -1.01970390  -0.27109541   0.47891306   0.45586921  -0.49560577   0.81665376   0.43643952   0.43705626  -0.50820209   0.79609977 
  2.47222220   0.97830624   0.27442048  -1.01707320  -0.27850137   0.47322041   0.45916256  -0.49940097   0.81302333   0.43050753   0.43994493  -0.51207264   0.79225755 
  2.50000000   0.97580800   0.28185075  -1.01440320  -0.28588805   0.46754608   0.46241555  -0.50316651   0.80936620   0.42459665   0.44279097  -0.51591134   0.78839019 
  2.52777780   0.97326693   0.28926214  -1.01169400  -0.29325517   0.46189014   0.46562829  -0.50690282   0.80568257   0.41870690   0.44559454  -0.51971861   0.78449793 
  2.55555560   0.97068328   0.29665435  -1.00894600  -0.30060245   0.45625264   0.46880090  -0.51061035   0.80197264   0.41283826   0.44835581  -0.52349485   0.78058101 
  2.58333330   0.96805732   0.30402709  -1.00615950  -0.30792960   0.45063361   0.47193353  -0.51428954   0.79823662   0.40699074   0.45107497  -0.52724046   0.77663964 
  2.61111110   0.96538929   0.31138006  -1.00333450  -0.31523635   0.44503307   0.47502628  -0.51794082   0.79447471   0.40116431   0.45375218  -0.53095582   0.77267407 
  2.63888890   0.96267945   0.31871295  -1.00047140  -0.32252242   0.43945106   0.47807928  -0.52156462   0.79068709   0.39535895   0.45638763  -0.53464133   0.76868451 
  2.66666670   0.95992804   0.32602548  -0.99757038  -0.32978753   0.43388757   0.48109267  -0.52516137   0.78687396   0.38957463   0.45898147  -0.53829739   0.76467118 
  2.69444440   0.95713530   0.33331735  -0.99463170  -0.33703140   0.42834261   0.48406656  -0.52873151   0.78303551   0.38381129   0.46153389  -0.54192438   0.76063430 
  2.72222220   0.95430148   0.34058826  -0.99165557  -0.34425377   0.42281618   0.48700108  -0.53227544   0.77917192   0.37806890   0.46404505  -0.54552267   0.75657409 
  2.75000000   0.95142682   0.34783794  -0.98864220  -0.35145435   0.41730826   0.48989635  -0.53579359   0.77528337   0.37234739   0.46651514  -0.54909266   0.75249075 
  2.77777780   0.94851153   0.35506608  -0.98559183  -0.35863289   0.41181883   0.49275250  -0.53928638   0.77137005   0.36664670   0.46894431  -0.55263472   0.74838450 
  2.80555560   0.94555587   0.36227240  -0.98250466  -0.36578912   0.40634785   0.49556965  -0.54275421   0.76743213   0.36096675   0.47133274  -0.55614921   0.74425554 
  2.83333330   0.94256005   0.36945662  -0.97938091  -0.37292276   0.40089530   0.49834793  -0.54619749   0.76346979   0.35530747   0.47368059  -0.55963652   0.74010407 
  2.86111110   0.93952431   0.37661845  -0.97622078  -0.38003355   0.39546111   0.50108745  -0.54961663   0.75948319   0.34966875   0.47598805  -0.56309701   0.73593029 
  2.88888890   0.93644885   0.38375762  -0.97302449  -0.38712122   0.39004525   0.50378834  -0.55301203   0.75547252   0.34405050   0.47825527  -0.56653105   0.73173440 
  2.91666670   0.93333391   0.39087383  -0.96979223  -0.39418553   0.38464763   0.50645073  -0.55638409   0.75143792   0.33845262   0.48048243  -0.56993899   0.72751660 
  2.94444440   0.93017969   0.39796681  -0.96652421  -0.40122619   0.37926819   0.50907473  -0.55973320   0.74737958   0.33287499   0.48266969  -0.57332120   0.72327706 
  2.97222220   0.92698640   0.40503629  -0.96322062  -0.40824297   0.37390685   0.51166047  -0.56305975   0.74329764   0.32731751   0.48481722  -0.57667803   0.71901599 
  3.00000000   0.92375427   0.41208198  -0.95988166  -0.41523558   0.36856352   0.51420807  -0.56636414   0.73919226   0.32178008   0.48692517  -0.58000981   0.71473357 
  3.02777780   0.92048348   0.41910362  -0.95650751  -0.42220379   0.36323810   0.51671764  -0.56964673   0.73506361   0.31626257   0.48899373  -0.58331690   0.71042998 
  3.05555560   0.91717425   0.42610092  -0.95309837  -0.42914734   0.35793049   0.51918932  -0.57290792   0.73091183   0.31076484   0.49102304  -0.58659963   0.70610541 
  3.08333330   0.91382678   0.43307362  -0.94965442  -0.43606596   0.35264057   0.52162322  -0.57614809   0.72673707   0.30528677   0.49301328  -0.58985834   0.70176003 
  3.11111110   0.91044125   0.44002145  -0.94617584  -0.44295942   0.34736821   0.52401947  -0.57936759   0.72253947   0.29982821   0.49496460  -0.59309337   0.69739402 
  3.15277780   0.90529205   0.45039596  -0.94089343  -0.45325185   0.33949238   0.52754348  -0.58415892   0.71620059   0.29167666   0.49781896  -0.59790222   0.69080670 
  3.19444440   0.90005831   0.46071300  -0.93553409  -0.46348625   0.33165543   0.53098342  -0.58890581   0.70981115   0.28356820   0.50058666  -0.60265958   0.68417393 
  3.23611110   0.89474066   0.47097167  -0.93009840  -0.47366176   0.32385689   0.53433968  -0.59360945   0.70337162   0.27550235   0.50326823  -0.60736654   0.67749627 
  3.27777780   0.88933972   0.48117108  -0.92458692  -0.48377757   0.31609627   0.53761265  -0.59827101   0.69688246   0.26747857   0.50586418  -0.61202412   0.67077427 
  3.31944440   0.88385607   0.49131034  -0.91900020  -0.49383285   0.30837306   0.54080272  -0.60289166   0.69034410   0.25949633   0.50837503  -0.61663334   0.66400847 
  3.36111110   0.87829030   0.50138859  -0.91333877  -0.50382677   0.30068673   0.54391026  -0.60747251   0.68375699   0.25155508   0.51080128  -0.62119519   0.65719941 
  3.40277780   0.87264298   0.51140494  -0.90760315  -0.51375854   0.29303674   0.54693564  -0.61201466   0.67712154   0.24365424   0.51314345  -0.62571065   0.65034760 
  3.44444440   0.86691465   0.52135853  -0.90179383  -0.52362734   0.28542254   0.54987924  -0.61651919   0.67043817   0.23579323   0.51540202  -0.63018065   0.64345354 
  3.48611110   0.86110586   0.53124852  -0.89591132  -0.53343236   0.27784353   0.55274141  -0.62098714   0.66370728   0.22797144   0.51757748  -0.63460612   0.63651773 
  3.52777780   0.85521712   0.54107403  -0.88995608  -0.54317282   0.27029913   0.55552250  -0.62541955   0.65692927   0.22018825   0.51967031  -0.63898795   0.62954065 
  3.55555560   0.85124714   0.54758813  -0.88594576  -0.54963020   0.26528845   0.55733169  -0.62835523   0.65238461   0.21502059   0.52101986  -0.64188537   0.62486656 
  3.61111110   0.84320185   0.56052826  -0.87782929  -0.56245689   0.25531167   0.56084284  -0.63418168   0.64323340   0.20473513   0.52360998  -0.64762421   0.61546453 
  3.66666670   0.83501709   0.57334928  -0.86958596  -0.57516461   0.24539304   0.56421167  -0.63995011   0.63400039   0.19451488   0.52605569  -0.65329001   0.60599159 
  3.72222220   0.82669397   0.58604922  -0.86121675  -0.58775151   0.23553098   0.56743896  -0.64566271   0.62468642   0.18435832   0.52835805  -0.65888465   0.59644878 
  3.77777780   0.81823356   0.59862613  -0.85272264  -0.60021578   0.22572385   0.57052547  -0.65132156   0.61529228   0.17426389   0.53051813  -0.66440993   0.58683714 
  3.83333330   0.80963688   0.61107807  -0.84410455  -0.61255561   0.21596996   0.57347193  -0.65692869   0.60581873   0.16423000   0.53253693  -0.66986758   0.57715765 
  3.88888890   0.80090493   0.62340311  -0.83536339  -0.62476919   0.20626764   0.57627906  -0.66248600   0.59626653   0.15425508   0.53441546  -0.67525924   0.56741128 
  3.94444440   0.79203866   0.63559935  -0.82650002  -0.63685475   0.19661522   0.57894754  -0.66799532   0.58663642   0.14433755   0.53615468  -0.68058646   0.55759897 
  4.00000000   0.78303899   0.64766488  -0.81751526  -0.64881052   0.18701096   0.58147804  -0.67345839   0.57692908   0.13447582   0.53775555  -0.68585070   0.54772165 
  4.05555560   0.77390681   0.65959781  -0.80840990  -0.66063472   0.17745311   0.58387121  -0.67887687   0.56714519   0.12466831   0.53921897  -0.69105336   0.53778021 
  4.11111110   0.76464296   0.67139629  -0.79918472  -0.67232562   0.16793993   0.58612767  -0.68425231   0.55728541   0.11491343   0.54054586  -0.69619574   0.52777554 
  4.16666670   0.75524828   0.68305844  -0.78984044  -0.68388149   0.15846967   0.58824801  -0.68958618   0.54735040   0.10520958   0.54173708  -0.70127904   0.51770848 
  4.22222220   0.74572354   0.69458242  -0.78037777  -0.69530058   0.14904058   0.59023281  -0.69487984   0.53734077   0.09555518   0.54279348  -0.70630442   0.50757986 
  4.27777780   0.73606950   0.70596639  -0.77079740  -0.70658118   0.13965089   0.59208262  -0.70013456   0.52725713   0.08594862   0.54371588  -0.71127291   0.49739049 
  4.33333330   0.72628690   0.71720853  -0.76109997  -0.71772160   0.13029883   0.59379796  -0.70535152   0.51710008   0.07638836   0.54450507  -0.71618547   0.48714117 
  4.38888890   0.71637644   0.72830703  -0.75128611  -0.72872012   0.12098265   0.59537933  -0.71053181   0.50687019   0.06687287   0.54516184  -0.72104296   0.47683269 
  4.44444440   0.70633880   0.73926007  -0.74135644  -0.73957506   0.11170058   0.59682722  -0.71567640   0.49656801   0.05740063   0.54568694  -0.72584616   0.46646581 
  4.50000000   0.69617464   0.75006587  -0.73131154  -0.75028475   0.10245082   0.59814207  -0.72078619   0.48619409   0.04797013   0.54608109  -0.73059577   0.45604131 
  4.55555560   0.68588459   0.76072264  -0.72115197  -0.76084750   0.09323167   0.59932432  -0.72586196   0.47574898   0.03857992   0.54634501  -0.73529236   0.44555991 
  4.61111110   0.67546927   0.77122861  -0.71087827  -0.77126165   0.08404142   0.60037438  -0.73090437   0.46523320   0.02922855   0.54647937  -0.73993644   0.43502238 
  4.66666670   0.66492927   0.78158201  -0.70049099  -0.78152556   0.07487835   0.60129263  -0.73591400   0.45464729   0.01991462   0.54648485  -0.74452842   0.42442942 
  4.72222220   0.65426517   0.79178109  -0.68999062  -0.79163756   0.06574079   0.60207944  -0.74089132   0.44399175   0.01063674   0.54636208  -0.74906860   0.41378178 
  4.77777780   0.64347754   0.80182409  -0.67937768  -0.80159603   0.05662710   0.60273515  -0.74583667   0.43326711   0.00139357   0.54611168  -0.75355719   0.40308015 
  4.83333330   0.63256693   0.81170929  -0.66865265  -0.81139931   0.04753566   0.60326008  -0.75075029   0.42247390  -0.00781622   0.54573424  -0.75799433   0.39232525 
  4.88888890   0.62153387   0.82143495  -0.65781601  -0.82104580   0.03846489   0.60365454  -0.75563231   0.41161261  -0.01699390   0.54523034  -0.76238003   0.38151777 
  4.94444440   0.61037889   0.83099935  -0.64686822  -0.83053387   0.02941324   0.60391879  -0.76048272   0.40068378  -0.02614069   0.54460054  -0.76671421   0.37065843 
  5.00000000   0.59910252   0.84040077  -0.63580975  -0.83986190   0.02037919   0.60405310  -0.76530143   0.38968792  -0.03525777   0.54384538  -0.77099670   0.35974792 
  5.08333330   0.58196147   0.85419361  -0.61901552  -0.85355037   0.00685788   0.60401145  -0.77246953   0.37306958  -0.04888016   0.54247872  -0.77732283   0.34328777 
  5.16666670   0.56455017   0.86761021  -0.60197480  -0.86686975  -0.00663198   0.60367868  -0.77956450   0.35630336  -0.06244182   0.54083285  -0.78353057   0.32671648 
  5.25000000   0.54687033   0.88064490  -0.58468911  -0.87981469  -0.02009490   0.60305544  -0.78658443   0.33939110  -0.07594610   0.53890937  -0.78961796   0.31003647 
  5.33333330   0.52892369   0.89329205  -0.56715999  -0.89237986  -0.03353517   0.60214227  -0.79352675   0.32233468  -0.08939601   0.53670981  -0.79558252   0.29325018 
  5.38888890   0.51681191   0.90150542  -0.55533944  -0.90054304  -0.04248471   0.60137266  -0.79811025   0.31088462  -0.09833377   0.53509077  -0.79948917   0.28200151 
  5.44444440   0.50458287   0.90954242  -0.54341186  -0.90853351  -0.05142703   0.60047453  -0.80265669   0.29937196  -0.10724932   0.53335009  -0.80333884   0.27070745 
  5.50000000   0.49223711   0.91740141  -0.53137772  -0.91634973  -0.06036315   0.59944800  -0.80716478   0.28779734  -0.11614329   0.53148816  -0.80713037   0.25936877 
  5.55555560   0.47977520   0.92508077  -0.51923753  -0.92399015  -0.06929401   0.59829315  -0.81163311   0.27616139  -0.12501626   0.52950538  -0.81086248   0.24798626 
  5.61111110   0.46719771   0.93257888  -0.50699179  -0.93145322  -0.07822052   0.59701007  -0.81606013   0.26446477  -0.13386873   0.52740212  -0.81453376   0.23656071 
  5.66666670   0.45450523   0.93989413  -0.49464102  -0.93873743  -0.08714344   0.59559884  -0.82044410   0.25270818  -0.14270111   0.52517877  -0.81814271   0.22509293 
  5.72222220   0.44169839   0.94702493  -0.48218577  -0.94584124  -0.09606351   0.59405953  -0.82478318   0.24089232  -0.15151373   0.52283570  -0.82168769   0.21358377 
  5.77777780   0.42877783   0.95396968  -0.46962661  -0.95276314  -0.10498134   0.59239219  -0.82907535   0.22901795  -0.16030686   0.52037325  -0.82516692   0.20203407 
  5.83333330   0.41574421   0.96072682  -0.45696412  -0.95950163  -0.11389746   0.59059688  -0.83331843   0.21708584  -0.16908065   0.51779178  -0.82857853   0.19044471 
  5.88888890   0.40259824   0.96729478  -0.44419891  -0.96605519  -0.12281229   0.58867364  -0.83751008   0.20509681  -0.17783517   0.51509165  -0.83192050   0.17881659 
  5.94444440   0.38934066   0.97367200  -0.43133164  -0.97242235  -0.13172615   0.58662254  -0.84164780   0.19305172  -0.18657040   0.51227319  -0.83519070   0.16715064 
  6.00000000   0.37597224   0.97985695  -0.41836298  -0.97860163  -0.14063927   0.58444360  -0.84572892   0.18095145  -0.19528623   0.50933676  -0.83838685   0.15544781 
  6.05555560   0.36249378   0.98584810  -0.40529364  -0.98459155  -0.14955175   0.58213689  -0.84975062   0.16879692  -0.20398241   0.50628269  -0.84150655   0.14370909 
  6.11111110   0.34890614   0.99164393  -0.39212437  -0.99039066  -0.15846360   0.57970243  -0.85370990   0.15658911  -0.21265861   0.50311134  -0.84454728   0.13193550 
  6.16666670   0.33521023   0.99724294  -0.37885594  -0.99599751  -0.16737469   0.57714029  -0.85760357   0.14432904  -0.22131437   0.49982306  -0.84750637   0.12012809 
  6.22222220   0.32140697   1.00264370  -0.36548921  -1.00141070  -0.17628477   0.57445051  -0.86142831   0.13201776  -0.22994913   0.49641821  -0.85038102   0.10828796 
  6.27777780   0.30749739   1.00784460  -0.35202502  -1.00662870  -0.18519348   0.57163315  -0.86518058   0.11965639  -0.23856221   0.49289715  -0.85316829   0.09641624 
  6.31944440   0.29699606   1.01161330  -0.34186349  -1.01041330  -0.19187381   0.56943644  -0.86794501   0.11035319  -0.24500733   0.49018032  -0.85519958   0.08749240 
  6.36111110   0.28643597   1.01526830  -0.33164808  -1.01408680  -0.19855279   0.56716803  -0.87066497   0.10102299  -0.25143943   0.48739848  -0.85717866   0.07855195 
  6.40277780   0.27581762   1.01880880  -0.32137920  -1.01764860  -0.20523012   0.56482798  -0.87333878   0.09166632  -0.25785810   0.48455180  -0.85910415   0.06959539 
  6.44444440   0.26514151   1.02223440  -0.31105730  -1.02109800  -0.21190543   0.56241632  -0.87596469   0.08228374  -0.26426286   0.48164045  -0.86097463   0.06062328 
  6.48611110   0.25440818   1.02554440  -0.30068284  -1.02443460  -0.21857830   0.55993309  -0.87854090   0.07287581  -0.27065322   0.47866459  -0.86278863   0.05163614 
  6.52777780   0.24361816   1.02873820  -0.29025631  -1.02765770  -0.22524827   0.55737836  -0.88106557   0.06344313  -0.27702863   0.47562440  -0.86454462   0.04263455 
  6.55555560   0.23639361   1.03080260  -0.28327660  -1.02974310  -0.22969306   0.55563550  -0.88271910   0.05714122  -0.28127032   0.47356196  -0.86568229   0.03662574 
  6.58333330   0.22914430   1.03281500  -0.27627411  -1.03177770  -0.23413619   0.55386091  -0.88434829   0.05082877  -0.28550492   0.47147105  -0.86679301   0.03061093 
  6.61111110   0.22187041   1.03477510  -0.26924901  -1.03376130  -0.23857747   0.55205459  -0.88595255   0.04450596  -0.28973223   0.46935175  -0.86787632   0.02459032 
  6.63888890   0.21457212   1.03668290  -0.26220146  -1.03569370  -0.24301673   0.55021658  -0.88753128   0.03817298  -0.29395206   0.46720409  -0.86893173   0.01856406 
  6.66666670   0.20724963   1.03853810  -0.25513162  -1.03757480  -0.24745376   0.54834689  -0.88908386   0.03183005  -0.29816418   0.46502816  -0.86995873   0.01253236 
  6.69444440   0.19990313   1.04034060  -0.24803966  -1.03940440  -0.25188837   0.54644556  -0.89060968   0.02547735  -0.30236838   0.46282400  -0.87095683   0.00649540 
  6.72222220   0.19253282   1.04209020  -0.24092576  -1.04118240  -0.25632032   0.54451261  -0.89210808   0.01911511  -0.30656442   0.46059167  -0.87192551   0.00045338 
  6.75000000   0.18513891   1.04378680  -0.23379009  -1.04290850  -0.26074941   0.54254806  -0.89357843   0.01274352  -0.31075207   0.45833125  -0.87286427  -0.00559352 
  6.77777780   0.17772161   1.04543020  -0.22663284  -1.04458270  -0.26517540   0.54055194  -0.89502004   0.00636282  -0.31493106   0.45604279  -0.87377256  -0.01164510 
  6.80555560   0.17028114   1.04702020  -0.21945420  -1.04620470  -0.26959803   0.53852428  -0.89643226  -0.00002679  -0.31910115   0.45372636  -0.87464987  -0.01770114 
  6.83333330   0.16281771   1.04855670  -0.21225436  -1.04777440  -0.27401704   0.53646511  -0.89781440  -0.00642507  -0.32326207   0.45138203  -0.87549564  -0.02376145 
  6.86111110   0.15533156   1.05003960  -0.20503352  -1.04929180  -0.27843217   0.53437448  -0.89916577  -0.01283179  -0.32741353   0.44900987  -0.87630932  -0.02982582 
  6.88888890   0.14782293   1.05146870  -0.19779188  -1.05075650  -0.28284313   0.53225241  -0.90048567  -0.01924672  -0.33155526   0.44660994  -0.87709036  -0.03589404 
  6.91666670   0.14029204   1.05284380  -0.19052966  -1.05216850  -0.28724962   0.53009896  -0.90177339  -0.02566960  -0.33568695   0.44418233  -0.87783820  -0.04196588 
  6.94444440   0.13273916   1.05416490  -0.18324706  -1.05352760  -0.29165133   0.52791415  -0.90302820  -0.03210019  -0.33980830   0.44172710  -0.87855225  -0.04804114 
  6.97222220   0.12516453   1.05543160  -0.17594431  -1.05483360  -0.29604794   0.52569805  -0.90424938  -0.03853825  -0.34391900   0.43924432  -0.87923194  -0.05411958 
  7.00000000   0.11756841   1.05664400  -0.16862163  -1.05608650  -0.30043912   0.52345069  -0.90543618  -0.04498350  -0.34801871   0.43673409  -0.87987669  -0.06020099 
  7.02777780   0.10995106   1.05780190  -0.16127925  -1.05728610  -0.30482452   0.52117213  -0.90658785  -0.05143568  -0.35210711   0.43419648  -0.88048592  -0.06628512 
  7.05555560   0.10231277   1.05890500  -0.15391741  -1.05843220  -0.30920378   0.51886243  -0.90770364  -0.05789453  -0.35618383   0.43163158  -0.88105902  -0.07237174 
  7.08333330   0.09465381   1.05995340  -0.14653635  -1.05952470  -0.31357654   0.51652163  -0.90878276  -0.06435977  -0.36024854   0.42903946  -0.88159538  -0.07846062 
  7.11111110   0.08697446   1.06094680  -0.13913632  -1.06056340  -0.31794242   0.51414980  -0.90982444  -0.07083112  -0.36430084   0.42642022  -0.88209437  -0.08455150 
  7.13888890   0.07927502   1.06188510  -0.13171757  -1.06154830  -0.32230102   0.51174699  -0.91082788  -0.07730829  -0.36834038   0.42377394  -0.88255537  -0.09064414 
  7.16666670   0.07155578   1.06276820  -0.12428036  -1.06247910  -0.32665193   0.50931328  -0.91179230  -0.08379100  -0.37236675   0.42110072  -0.88297775  -0.09673829 
  7.19444440   0.06381706   1.06359600  -0.11682496  -1.06335580  -0.33099474   0.50684872  -0.91271686  -0.09027894  -0.37637957   0.41840064  -0.88336089  -0.10283369 
  7.22222220   0.05605917   1.06436830  -0.10935164  -1.06417830  -0.33532902   0.50435339  -0.91360076  -0.09677182  -0.38037842   0.41567382  -0.88370414  -0.10893007 
  7.25000000   0.04828243   1.06508510  -0.10186067  -1.06494630  -0.33965433   0.50182735  -0.91444316  -0.10326933  -0.38436288   0.41292034  -0.88400687  -0.11502718 
  7.27777780   0.04048716   1.06574610  -0.09435235  -1.06565970  -0.34397021   0.49927068  -0.91524323  -0.10977117  -0.38833253   0.41014031  -0.88426844  -0.12112474 
  7.30555560   0.03267371   1.06635120  -0.08682697  -1.06631850  -0.34827620   0.49668348  -0.91600018  -0.11627699  -0.39228692   0.40733385  -0.88448818  -0.12722248 
  7.33333330   0.02484241   1.06690050  -0.07928482  -1.06692250  -0.35257181   0.49406582  -0.91671315  -0.12278649  -0.39622561   0.40450105  -0.88466546  -0.13332012 
  7.35185190   0.01961181   1.06723550  -0.07424756  -1.06729470  -0.35542954   0.49230384  -0.91716359  -0.12712803  -0.39884246   0.40259795  -0.88475973  -0.13738501 
  7.37037040   0.01437354   1.06754560  -0.06920307  -1.06764240  -0.35828228   0.49052838  -0.91759384  -0.13147095  -0.40145198   0.40068323  -0.88483464  -0.14144965 
  7.38888890   0.00912771   1.06783070  -0.06415145  -1.06796570  -0.36112988   0.48873948  -0.91800364  -0.13581515  -0.40405405   0.39875692  -0.88488999  -0.14551395 
  7.40740740   0.00387443   1.06809070  -0.05909279  -1.06826450  -0.36397219   0.48693716  -0.91839271  -0.14016053  -0.40664850   0.39681907  -0.88492559  -0.14957782 
  7.42592590  -0.00138620   1.06832580  -0.05402719  -1.06853870  -0.36680904   0.48512146  -0.91876079  -0.14450698  -0.40923521   0.39486970  -0.88494123  -0.15364117 
  7.44444440  -0.00665405   1.06853570  -0.04895475  -1.06878830  -0.36964028   0.48329239  -0.91910764  -0.14885440  -0.41181403   0.39290886  -0.88493673  -0.15770392 
  7.46296300  -0.01192901   1.06872060  -0.04387556  -1.06901330  -0.37246573   0.48144999  -0.91943297  -0.15320269  -0.41438480   0.39093658  -0.88491187  -0.16176597 
  7.48148150  -0.01721098   1.06888030  -0.03878973  -1.06921370  -0.37528524   0.47959430  -0.91973654  -0.15755172  -0.41694737   0.38895290  -0.88486646  -0.16582725 
  7.50000000  -0.02249983   1.06901490  -0.03369735  -1.06938940  -0.37809864   0.47772534  -0.92001807  -0.16190141  -0.41950160   0.38695786  -0.88480029  -0.16988764 
  7.51851850  -0.02779544   1.06912420  -0.02859854  -1.06954050  -0.38090576   0.47584315  -0.92027730  -0.16625163  -0.42204733   0.38495149  -0.88471318  -0.17394707 
  7.53703700  -0.03309769   1.06920840  -0.02349338  -1.06966670  -0.38370641   0.47394777  -0.92051397  -0.17060228  -0.42458440   0.38293384  -0.88460490  -0.17800544 
  7.55555560  -0.03840647   1.06926730  -0.01838200  -1.06976820  -0.38650044   0.47203922  -0.92072782  -0.17495323  -0.42711265   0.38090495  -0.88447527  -0.18206265 
  7.56481480  -0.04106326   1.06928720  -0.01582401  -1.06980970  -0.38789491   0.47108002  -0.92082610  -0.17712879  -0.42837342   0.37988630  -0.88440238  -0.18409080 
  7.57407410  -0.04372164   1.06930090  -0.01326450  -1.06984500  -0.38928765   0.47011754  -0.92091857  -0.17930439  -0.42963193   0.37886485  -0.88432407  -0.18611862 
  7.58333330  -0.04638159   1.06930820  -0.01070349  -1.06987400  -0.39067865   0.46915180  -0.92100521  -0.18148001  -0.43088815   0.37784062  -0.88424032  -0.18814611 
  7.58796300  -0.04771215   1.06930950  -0.00942242  -1.06988620  -0.39137349   0.46866770  -0.92104633  -0.18256782  -0.43151540   0.37732745  -0.88419639  -0.18915972 
  7.59259260  -0.04904309   1.06930920  -0.00814098  -1.06989680  -0.39206788   0.46818278  -0.92108597  -0.18365563  -0.43214207   0.37681359  -0.88415110  -0.19017325 
  7.59876540  -0.05081828   1.06930630  -0.00643182  -1.06990860  -0.39299304   0.46753496  -0.92113654  -0.18510604  -0.43297672   0.37612737  -0.88408857  -0.19152447 
  7.60493830  -0.05259414   1.06930070  -0.00472201  -1.06991760  -0.39391739   0.46688568  -0.92118446  -0.18655644  -0.43381033   0.37543991  -0.88402359  -0.19287553 
  7.61728400  -0.05614789   1.06928090  -0.00130046  -1.06992740  -0.39576366   0.46558280  -0.92127238  -0.18945721  -0.43547441   0.37406129  -0.88388625  -0.19557716 
  7.62345680  -0.05792576   1.06926680   0.00041128  -1.06992810  -0.39668556   0.46492919  -0.92131235  -0.19090756  -0.43630487   0.37337014  -0.88381387  -0.19692771 
  7.62962960  -0.05970429   1.06924980   0.00212366  -1.06992600  -0.39760663   0.46427414  -0.92134964  -0.19235789  -0.43713426   0.37267776  -0.88373902  -0.19827808 
  7.63888890  -0.06237331   1.06921910   0.00469340  -1.06991780  -0.39898666   0.46328886  -0.92140054  -0.19453332  -0.43837634   0.37163689  -0.88362207  -0.20030330 
  7.64814810  -0.06504379   1.06918210   0.00726455  -1.06990330  -0.40036478   0.46230034  -0.92144538  -0.19670867  -0.43961599   0.37059327  -0.88349950  -0.20232809 
  7.65740740  -0.06771570   1.06913870   0.00983709  -1.06988260  -0.40174096   0.46130859  -0.92148411  -0.19888392  -0.44085318   0.36954690  -0.88337128  -0.20435246 
  7.66666670  -0.07038904   1.06908900   0.01241101  -1.06985560  -0.40311519   0.46031361  -0.92151670  -0.20105906  -0.44208790   0.36849778  -0.88323739  -0.20637637 
  7.68518520  -0.07573991   1.06897040   0.01756292  -1.06978290  -0.40585768   0.45831399  -0.92156333  -0.20540895  -0.44454986   0.36639136  -0.88295252  -0.21042282 
  7.70370370  -0.08109627   1.06882640   0.02272016  -1.06968530  -0.40859205   0.45630152  -0.92158501  -0.20975820  -0.44700167   0.36427405  -0.88264467  -0.21446734 
  7.72222220  -0.08645798   1.06865700   0.02788262  -1.06956260  -0.41131810   0.45427624  -0.92158147  -0.21410669  -0.44944315   0.36214588  -0.88231364  -0.21850981 
  7.74074070  -0.09182490   1.06846200   0.03305016  -1.06941490  -0.41403563   0.45223821  -0.92155244  -0.21845430  -0.45187414   0.36000691  -0.88195920  -0.22255015 
  7.75925930  -0.09719689   1.06824160   0.03822268  -1.06924220  -0.41674445   0.45018747  -0.92149766  -0.22280090  -0.45429444   0.35785719  -0.88158117  -0.22658823 
  7.77777780  -0.10257381   1.06799560   0.04340005  -1.06904430  -0.41944434   0.44812405  -0.92141685  -0.22714636  -0.45670387   0.35569677  -0.88117932  -0.23062397 
  7.79629630  -0.10795551   1.06772410   0.04858213  -1.06882130  -0.42213510   0.44604802  -0.92130975  -0.23149056  -0.45910225   0.35352569  -0.88075345  -0.23465725 
  7.81481480  -0.11334186   1.06742700   0.05376881  -1.06857320  -0.42481653   0.44395941  -0.92117609  -0.23583337  -0.46148939   0.35134401  -0.88030335  -0.23868796 
  7.83333330  -0.11873269   1.06710430   0.05895997  -1.06830000  -0.42748840   0.44185829  -0.92101559  -0.24017465  -0.46386510   0.34915178  -0.87982883  -0.24271600 
  7.85185190  -0.12412787   1.06675610   0.06415545  -1.06800150  -0.43015051   0.43974468  -0.92082800  -0.24451427  -0.46622921   0.34694905  -0.87932967  -0.24674125 
  7.87037040  -0.12952724   1.06638220   0.06935515  -1.06767790  -0.43280265   0.43761866  -0.92061304  -0.24885210  -0.46858151   0.34473587  -0.87880568  -0.25076362 
  7.88888890  -0.13493065   1.06598270   0.07455892  -1.06732900  -0.43544458   0.43548026  -0.92037044  -0.25318800  -0.47092183   0.34251231  -0.87825666  -0.25478298 
  7.91666670  -0.14304301   1.06533540   0.08237192  -1.06675840  -0.43938788   0.43224959  -0.91995412  -0.25968794  -0.47440939   0.33915760  -0.87738575  -0.26080614 
  7.94444440  -0.15116358   1.06463040   0.09019333  -1.06613100  -0.44330698   0.42899139  -0.91947408  -0.26618278  -0.47786889   0.33577982  -0.87645740  -0.26682192 
  7.97222220  -0.15929183   1.06386750   0.09802268  -1.06544660  -0.44720113   0.42570584  -0.91892941  -0.27267204  -0.48129966   0.33237918  -0.87547094  -0.27282992 
  8.00000000  -0.16742721   1.06304690   0.10585949  -1.06470530  -0.45106952   0.42239314  -0.91831920  -0.27915525  -0.48470104   0.32895586  -0.87442573  -0.27882976 
  8.02777780  -0.17556917   1.06216840   0.11370328  -1.06390690  -0.45491141   0.41905349  -0.91764258  -0.28563192  -0.48807235   0.32551008  -0.87332112  -0.28482105 
  8.05555560  -0.18371716   1.06123210   0.12155357  -1.06305150  -0.45872605   0.41568710  -0.91689876  -0.29210158  -0.49141292   0.32204205  -0.87215645  -0.29080338 
  8.08333330  -0.19187059   1.06023780   0.12940985  -1.06213900  -0.46251260   0.41229418  -0.91608684  -0.29856371  -0.49472207   0.31855196  -0.87093110  -0.29677636 
  8.11111110  -0.20002888   1.05918560   0.13727162  -1.06116930  -0.46627025   0.40887495  -0.91520591  -0.30501782  -0.49799909   0.31504006  -0.86964444  -0.30273958 
  8.13888890  -0.20819146   1.05807550   0.14513837  -1.06014240  -0.46999815   0.40542964  -0.91425509  -0.31146339  -0.50124330   0.31150654  -0.86829583  -0.30869263 
  8.16666670  -0.21635772   1.05690740   0.15300956  -1.05905830  -0.47369548   0.40195848  -0.91323353  -0.31789990  -0.50445399   0.30795165  -0.86688467  -0.31463509 
  8.19444440  -0.22452705   1.05568140   0.16088468  -1.05791700  -0.47736139   0.39846169  -0.91214037  -0.32432683  -0.50763045   0.30437561  -0.86541034  -0.32056655 
  8.22222220  -0.23269884   1.05439750   0.16876319  -1.05671830  -0.48099505   0.39493954  -0.91097478  -0.33074365  -0.51077196   0.30077865  -0.86387223  -0.32648658 
  8.25000000  -0.24087248   1.05305550   0.17664453  -1.05546240  -0.48459560   0.39139225  -0.90973595  -0.33714983  -0.51387780   0.29716103  -0.86226975  -0.33239475 
  8.27777780  -0.24904732   1.05165560   0.18452817  -1.05414920  -0.48816219   0.38782010  -0.90842309  -0.34354483  -0.51694723   0.29352297  -0.86060229  -0.33829064 
  8.30555560  -0.25722273   1.05019780   0.19241354  -1.05277860  -0.49169398   0.38422334  -0.90703540  -0.34992811  -0.51997953   0.28986474  -0.85886929  -0.34417380 
  8.33333330  -0.26539805   1.04868210   0.20030006  -1.05135060  -0.49519010   0.38060224  -0.90557213  -0.35629913  -0.52297394   0.28618658  -0.85707014  -0.35004380 
  8.36111110  -0.27357265   1.04710850   0.20818718  -1.04986530  -0.49864969   0.37695707  -0.90403252  -0.36265732  -0.52592973   0.28248875  -0.85520428  -0.35590019 
  8.38888890  -0.28174584   1.04547690   0.21607429  -1.04832260  -0.50207190   0.37328812  -0.90241585  -0.36900215  -0.52884618   0.27877151  -0.85327122  -0.36174252 
  8.41666670  -0.28991697   1.04378760   0.22396082  -1.04672260  -0.50545584   0.36959566  -0.90072140  -0.37533303  -0.53172257   0.27503515  -0.85127045  -0.36757036 
  8.44444440  -0.29808534   1.04204040   0.23184617  -1.04506530  -0.50880066   0.36587999  -0.89894847  -0.38164942  -0.53455815   0.27127992  -0.84920146  -0.37338324 
  8.47222220  -0.30625028   1.04023550   0.23972973  -1.04335060  -0.51210547   0.36214141  -0.89709637  -0.38795074  -0.53735216   0.26750613  -0.84706372  -0.37918069 
  8.50000000  -0.31441108   1.03837280   0.24761089  -1.04157860  -0.51536940   0.35838023  -0.89516445  -0.39423640  -0.54010385   0.26371405  -0.84485675  -0.38496226 
  8.52777780  -0.32256705   1.03645250   0.25548903  -1.03974920  -0.51859156   0.35459675  -0.89315205  -0.40050585  -0.54281246   0.25990396  -0.84258007  -0.39072747 
  8.55555560  -0.33071748   1.03447450   0.26336353  -1.03786260  -0.52177107   0.35079129  -0.89105854  -0.40675848  -0.54547724   0.25607618  -0.84023325  -0.39647585 
  8.58333330  -0.33886164   1.03243900   0.27123375  -1.03591880  -0.52490704   0.34696418  -0.88888331  -0.41299370  -0.54809747   0.25223100  -0.83781583  -0.40220693 
  8.61111110  -0.34699882   1.03034600   0.27909906  -1.03391770  -0.52799857   0.34311574  -0.88662574  -0.41921094  -0.55067240   0.24836872  -0.83532742  -0.40792023 
  8.63888890  -0.35512829   1.02819560   0.28695880  -1.03185950  -0.53104478   0.33924630  -0.88428527  -0.42540958  -0.55320129   0.24448966  -0.83276763  -0.41361529 
  8.66666670  -0.36324930   1.02598780   0.29481234  -1.02974410  -0.53404476   0.33535622  -0.88186132  -0.43158902  -0.55568342   0.24059413  -0.83013608  -0.41929161 
  8.69444440  -0.37136112   1.02372280   0.30265900  -1.02757160  -0.53699760   0.33144584  -0.87935335  -0.43774865  -0.55811807   0.23668244  -0.82743244  -0.42494872 
  8.72222220  -0.37946299   1.02140060   0.31049812  -1.02534210  -0.53990242   0.32751551  -0.87676083  -0.44388786  -0.56050451   0.23275493  -0.82465636  -0.43058614 
  8.75000000  -0.38755416   1.01902130   0.31832904  -1.02305560  -0.54275841   0.32356559  -0.87408339  -0.45000607  -0.56284202   0.22881193  -0.82180755  -0.43620338 
  8.77777780  -0.39563387   1.01658500   0.32615107  -1.02071220  -0.54556470   0.31959645  -0.87132058  -0.45610265  -0.56512989   0.22485376  -0.81888572  -0.44179995 
  8.80555560  -0.40370134   1.01409190   0.33396354  -1.01831200  -0.54832039   0.31560847  -0.86847198  -0.46217697  -0.56736741   0.22088077  -0.81589060  -0.44737536 
  8.83333330  -0.41175582   1.01154200   0.34176575  -1.01585490  -0.55102461   0.31160203  -0.86553718  -0.46822842  -0.56955388   0.21689330  -0.81282195  -0.45292912 
  8.86111110  -0.41979651   1.00893540   0.34955702  -1.01334120  -0.55367650   0.30757752  -0.86251584  -0.47425637  -0.57168860   0.21289171  -0.80967953  -0.45846073 
  8.88888890  -0.42782263   1.00627230   0.35733664  -1.01077090  -0.55627521   0.30353533  -0.85940761  -0.48026018  -0.57377087   0.20887633  -0.80646315  -0.46396970 
  8.91666670  -0.43583341   1.00355280   0.36510391  -1.00814400  -0.55881990   0.29947585  -0.85621222  -0.48623924  -0.57579999   0.20484754  -0.80317262  -0.46945553 
  8.94444440  -0.44382804   1.00077700   0.37285813  -1.00546070  -0.56130975   0.29539950  -0.85292940  -0.49219292  -0.57777527   0.20080569  -0.79980778  -0.47491772 
  8.97222220  -0.45180573   0.99794512   0.38059857  -1.00272100  -0.56374393   0.29130669  -0.84955893  -0.49812059  -0.57969604   0.19675116  -0.79636849  -0.48035575 
  9.00000000  -0.45976569   0.99505722   0.38832452  -0.99992512  -0.56612166   0.28719782  -0.84610063  -0.50402162  -0.58156161   0.19268431  -0.79285461  -0.48576914 
  9.02777780  -0.46770709   0.99211347   0.39603526  -0.99707309  -0.56844213   0.28307332  -0.84255432  -0.50989539  -0.58337136   0.18860553  -0.78926610  -0.49115738 
  9.05555560  -0.47562915   0.98911404   0.40373007  -0.99416505  -0.57070458   0.27893361  -0.83891991  -0.51574127  -0.58512468   0.18451517  -0.78560291  -0.49651998 
  9.08333330  -0.48353104   0.98605908   0.41140821  -0.99120112  -0.57290824   0.27477912  -0.83519728  -0.52155864  -0.58682091   0.18041365  -0.78186503  -0.50185642 
  9.11111110  -0.49141196   0.98294876   0.41906896  -0.98818141  -0.57505235   0.27061029  -0.83138641  -0.52734686  -0.58845943   0.17630135  -0.77805245  -0.50716620 
  9.13888890  -0.49927109   0.97978326   0.42671156  -0.98510605  -0.57713618   0.26642757  -0.82748726  -0.53310530  -0.59003962   0.17217867  -0.77416520  -0.51244881 
  9.16666670  -0.50710761   0.97656275   0.43433530  -0.98197518  -0.57915900   0.26223138  -0.82349986  -0.53883335  -0.59156089   0.16804600  -0.77020334  -0.51770375 
  9.19444440  -0.51492071   0.97328742   0.44193941  -0.97878895  -0.58112009   0.25802220  -0.81942424  -0.54453036  -0.59302266   0.16390375  -0.76616696  -0.52293050 
  9.22222220  -0.52270955   0.96995746   0.44952317  -0.97554749  -0.58301875   0.25380048  -0.81526051  -0.55019571  -0.59442437   0.15975233  -0.76205617  -0.52812857 
  9.25000000  -0.53047332   0.96657307   0.45708581  -0.97225095  -0.58485428   0.24956667  -0.81100877  -0.55582878  -0.59576547   0.15559215  -0.75787113  -0.53329745 
  9.27777780  -0.53821120   0.96313444   0.46462660  -0.96889949  -0.58662601   0.24532125  -0.80666918  -0.56142893  -0.59704543   0.15142362  -0.75361201  -0.53843664 
  9.30555560  -0.54592236   0.95964179   0.47214478  -0.96549328  -0.58833328   0.24106469  -0.80224192  -0.56699553  -0.59826374   0.14724715  -0.74927902  -0.54354566 
  9.33333330  -0.55360598   0.95609532   0.47963960  -0.96203248  -0.58997544   0.23679747  -0.79772723  -0.57252795  -0.59941991   0.14306317  -0.74487240  -0.54862399 
  9.36111110  -0.56126123   0.95249527   0.48711030  -0.95851727  -0.59155194   0.23252005  -0.79312539  -0.57802561  -0.60051347   0.13887210  -0.74039242  -0.55367115 
  9.38888890  -0.56888729   0.94884186   0.49455613  -0.95494781  -0.59306218   0.22823292  -0.78843674  -0.58348788  -0.60154394   0.13467436  -0.73583938  -0.55868664 
  9.41666670  -0.57648333   0.94513531   0.50197633  -0.95132430  -0.59450559   0.22393658  -0.78366163  -0.58891413  -0.60251089   0.13047038  -0.73121360  -0.56366998 
  9.44444440  -0.58404854   0.94137587   0.50937015  -0.94764693  -0.59588160   0.21963152  -0.77880047  -0.59430375  -0.60341390   0.12626060  -0.72651545  -0.56862067 
  9.47222220  -0.59158210   0.93756378   0.51673684  -0.94391588  -0.59718970   0.21531824  -0.77385369  -0.59965612  -0.60425255   0.12204545  -0.72174530  -0.57353822 
  9.50000000  -0.59908318   0.93369928   0.52407563  -0.94013136  -0.59842939   0.21099724  -0.76882177  -0.60497065  -0.60502645   0.11782538  -0.71690359  -0.57842215 
  9.52777780  -0.60655097   0.92978264   0.53138577  -0.93629358  -0.59960018   0.20666903  -0.76370522  -0.61024674  -0.60573523   0.11360081  -0.71199075  -0.58327197 
  9.55555560  -0.61398465   0.92581412   0.53866651  -0.93240274  -0.60070164   0.20233410  -0.75850460  -0.61548378  -0.60637853   0.10937220  -0.70700727  -0.58808720 
  9.58333330  -0.62138342   0.92179398   0.54591709  -0.92845906  -0.60173334   0.19799296  -0.75322049  -0.62068120  -0.60695601   0.10514000  -0.70195365  -0.59286736 
  9.61111110  -0.62874647   0.91772249   0.55313676  -0.92446277  -0.60269489   0.19364613  -0.74785354  -0.62583840  -0.60746734   0.10090466  -0.69683044  -0.59761197 
  9.63888890  -0.63607299   0.91359994   0.56032477  -0.92041409  -0.60358591   0.18929411  -0.74240441  -0.63095482  -0.60791228   0.09666662  -0.69163819  -0.60232058 
  9.66666670  -0.64336219   0.90942661   0.56748038  -0.91631326  -0.60440606   0.18493741  -0.73687380  -0.63602988  -0.60829056   0.09242634  -0.68637752  -0.60699270 
  9.69444440  -0.65061326   0.90520278   0.57460283  -0.91216051  -0.60515502   0.18057656  -0.73126247  -0.64106301  -0.60860193   0.08818427  -0.68104907  -0.61162789 
  9.72222220  -0.65782542   0.90092875   0.58169138  -0.90795608  -0.60583250   0.17621207  -0.72557120  -0.64605366  -0.60884619   0.08394087  -0.67565351  -0.61622567 
  9.75000000  -0.66499788   0.89660483   0.58874530  -0.90370023  -0.60643824   0.17184445  -0.71980080  -0.65100127  -0.60902313   0.07969661  -0.67019155  -0.62078560 
  9.77777780  -0.67212986   0.89223132   0.59576384  -0.89939321  -0.60697198   0.16747424  -0.71395215  -0.65590528  -0.60913259   0.07545193  -0.66466389  -0.62530721 
  9.80555560  -0.67922058   0.88780852   0.60274627  -0.89503529  -0.60743353   0.16310195  -0.70802614  -0.66076516  -0.60917443   0.07120731  -0.65907131  -0.62979008 
  9.83333330  -0.68626928   0.88333677   0.60969186  -0.89062671  -0.60782269   0.15872812  -0.70202370  -0.66558037  -0.60914853   0.06696321  -0.65341458  -0.63423375 
  9.86111110  -0.69327520   0.87881638   0.61659989  -0.88616777  -0.60813930   0.15435326  -0.69594583  -0.67035038  -0.60905479   0.06272007  -0.64769450  -0.63863781 
  9.88888890  -0.70023757   0.87424768   0.62346963  -0.88165872  -0.60838322   0.14997792  -0.68979353  -0.67507465  -0.60889314   0.05847837  -0.64191192  -0.64300181 
  9.91666670  -0.70715565   0.86963100   0.63030037  -0.87709986  -0.60855435   0.14560262  -0.68356783  -0.67975268  -0.60866355   0.05423857  -0.63606770  -0.64732535 
  9.94444440  -0.71402871   0.86496669   0.63709140  -0.87249147  -0.60865264   0.14122787  -0.67726979  -0.68438396  -0.60836599   0.05000113  -0.63016273  -0.65160800 
  9.97222220  -0.72085600   0.86025508   0.64384200  -0.86783384  -0.60867805   0.13685421  -0.67090054  -0.68896801  -0.60800048   0.04576651  -0.62419794  -0.65584936 
 10.00000000  -0.72763680   0.85549652   0.65055149  -0.86312727  -0.60863058   0.13248216  -0.66446124  -0.69350432  -0.60756703   0.04153517  -0.61817426  -0.66004902 
 10.02777800  -0.73437040   0.85069137   0.65721916  -0.85837206  -0.60851026   0.12811227  -0.65795307  -0.69799242  -0.60706571   0.03730757  -0.61209267  -0.66420659 
 10.05555600  -0.74105608   0.84583999   0.66384433  -0.85356851  -0.60831714   0.12374505  -0.65137726  -0.70243184  -0.60649660   0.03308419  -0.60595419  -0.66832166 
 10.08333300  -0.74769316   0.84094275   0.67042632  -0.84871694  -0.60805130   0.11938104  -0.64473503  -0.70682211  -0.60585981   0.02886548  -0.59975983  -0.67239387 
 10.11111100  -0.75428093   0.83600000   0.67696444  -0.84381766  -0.60771286   0.11502075  -0.63802766  -0.71116278  -0.60515547   0.02465191  -0.59351066  -0.67642281 
 10.13888900  -0.76081873   0.83101212   0.68345805  -0.83887100  -0.60730195   0.11066471  -0.63125643  -0.71545341  -0.60438373   0.02044393  -0.58720775  -0.68040814 
 10.16666700  -0.76730588   0.82597950   0.68990646  -0.83387727  -0.60681875   0.10631344  -0.62442267  -0.71969358  -0.60354478   0.01624201  -0.58085217  -0.68434947 
 10.19444400  -0.77374172   0.82090251   0.69630904  -0.82883682  -0.60626347   0.10196745  -0.61752771  -0.72388286  -0.60263883   0.01204660  -0.57444507  -0.68824646 
 10.22222200  -0.78012560   0.81578155   0.70266514  -0.82374998  -0.60563633   0.09762726  -0.61057293  -0.72802084  -0.60166614   0.00785816  -0.56798758  -0.69209876 
 10.25000000  -0.78645690   0.81061699   0.70897412  -0.81861709  -0.60493760   0.09329339  -0.60355972  -0.73210712  -0.60062695   0.00367716  -0.56148087  -0.69590603 
 10.27777800  -0.79273497   0.80540925   0.71523536  -0.81343849  -0.60416757   0.08896635  -0.59648951  -0.73614131  -0.59952157  -0.00049597  -0.55492613  -0.69966793 
 10.30555600  -0.79895921   0.80015872   0.72144823  -0.80821453  -0.60332655   0.08464665  -0.58936374  -0.74012304  -0.59835030  -0.00466076  -0.54832456  -0.70338413 
 10.33333300  -0.80512901   0.79486580   0.72761212  -0.80294557  -0.60241490   0.08033480  -0.58218390  -0.74405192  -0.59711348  -0.00881677  -0.54167736  -0.70705433 
 10.36111100  -0.81124377   0.78953090   0.73372644  -0.79763196  -0.60143300   0.07603130  -0.57495148  -0.74792761  -0.59581147  -0.01296355  -0.53498577  -0.71067821 
 10.38888900  -0.81730293   0.78415445   0.73979060  -0.79227407  -0.60038125   0.07173666  -0.56766801  -0.75174975  -0.59444466  -0.01710066  -0.52825105  -0.71425548 
 10.41666700  -0.82330592   0.77873684   0.74580401  -0.78687226  -0.59926009   0.06745139  -0.56033504  -0.75551801  -0.59301347  -0.02122766  -0.52147444  -0.71778584 
 10.44444400  -0.82925217   0.77327851   0.75176610  -0.78142691  -0.59806997   0.06317596  -0.55295407  -0.75923206  -0.59151832  -0.02534411  -0.51465724  -0.72126901 
 10.47222200  -0.83514114   0.76777988   0.75767632  -0.77593840  -0.59681139   0.05891088  -0.54552668  -0.76289159  -0.58995967  -0.02944957  -0.50780074  -0.72470471 
 10.50000000  -0.84097232   0.76224137   0.76353410  -0.77040709  -0.59548486   0.05465663  -0.53805445  -0.76649630  -0.58833802  -0.03354361  -0.50090626  -0.72809269 
 10.52777800  -0.84674517   0.75666342   0.76933892  -0.76483337  -0.59409095   0.05041369  -0.53053901  -0.77004590  -0.58665386  -0.03762581  -0.49397512  -0.73143268 
 10.55555600  -0.85245920   0.75104646   0.77509024  -0.75921764  -0.59263021   0.04618256  -0.52298194  -0.77354011  -0.58490774  -0.04169572  -0.48700867  -0.73472443 
 10.58333300  -0.85811393   0.74539093   0.78078754  -0.75356027  -0.59110325   0.04196369  -0.51538487  -0.77697867  -0.58310020  -0.04575294  -0.48000825  -0.73796771 
 10.61111100  -0.86370886   0.73969727   0.78643031  -0.74786167  -0.58951067   0.03775757  -0.50774942  -0.78036133  -0.58123181  -0.04979704  -0.47297520  -0.74116228 
 10.63888900  -0.86924354   0.73396593   0.79201807  -0.74212224  -0.58785312   0.03356465  -0.50007722  -0.78368784  -0.57930317  -0.05382760  -0.46591090  -0.74430793 
 10.66666700  -0.87471753   0.72819736   0.79755032  -0.73634237  -0.58613126   0.02938539  -0.49236990  -0.78695798  -0.57731490  -0.05784422  -0.45881672  -0.74740445 
 10.69444400  -0.88013039   0.72239200   0.80302660  -0.73052248  -0.58434577   0.02522025  -0.48462910  -0.79017152  -0.57526764  -0.06184649  -0.45169404  -0.75045162 
 10.72222200  -0.88548169   0.71655031   0.80844643  -0.72466296  -0.58249736   0.02106967  -0.47685646  -0.79332826  -0.57316204  -0.06583400  -0.44454424  -0.75344927 
 10.75000000  -0.89077103   0.71067274   0.81380938  -0.71876424  -0.58058676   0.01693411  -0.46905365  -0.79642801  -0.57099877  -0.06980637  -0.43736870  -0.75639720 
 10.77777800  -0.89599802   0.70475976   0.81911500  -0.71282672  -0.57861472   0.01281399  -0.46122231  -0.79947059  -0.56877854  -0.07376319  -0.43016881  -0.75929524 
 10.80555600  -0.90116229   0.69881182   0.82436288  -0.70685083  -0.57658203   0.00870975  -0.45336412  -0.80245583  -0.56650204  -0.07770408  -0.42294596  -0.76214323 
 10.83333300  -0.90626346   0.69282939   0.82955259  -0.70083699  -0.57448947   0.00462181  -0.44548075  -0.80538357  -0.56417001  -0.08162865  -0.41570153  -0.76494102 
 10.86111100  -0.91130119   0.68681294   0.83468374  -0.69478562  -0.57233788   0.00055061  -0.43757388  -0.80825367  -0.56178319  -0.08553653  -0.40843693  -0.76768845 
 10.88888900  -0.91627515   0.68076293   0.83975594  -0.68869715  -0.57012807  -0.00350346  -0.42964514  -0.81106599  -0.55934236  -0.08942734  -0.40115356  -0.77038540 
 10.91666700  -0.92118502   0.67467983   0.84476881  -0.68257201  -0.56786088  -0.00753998  -0.42169618  -0.81382041  -0.55684829  -0.09330072  -0.39385281  -0.77303173 
 10.94444400  -0.92603048   0.66856413   0.84972200  -0.67641063  -0.56553719  -0.01155854  -0.41372867  -0.81651683  -0.55430177  -0.09715630  -0.38653606  -0.77562732 
 10.97222200  -0.93081125   0.66241628   0.85461514  -0.67021345  -0.56315789  -0.01555877  -0.40574425  -0.81915515  -0.55170361  -0.10099372  -0.37920470  -0.77817208 
 11.00000000  -0.93552705   0.65623677   0.85944791  -0.66398090  -0.56072387  -0.01954025  -0.39774456  -0.82173529  -0.54905464  -0.10481263  -0.37186013  -0.78066589 
 11.02777800  -0.94017762   0.65002607   0.86421998  -0.65771343  -0.55823605  -0.02350262  -0.38973124  -0.82425717  -0.54635571  -0.10861269  -0.36450373  -0.78310868 
 11.05555600  -0.94476272   0.64378467   0.86893104  -0.65141148  -0.55569534  -0.02744551  -0.38170589  -0.82672074  -0.54360767  -0.11239355  -0.35713688  -0.78550036 
 11.08333300  -0.94928211   0.63751305   0.87358078  -0.64507549  -0.55310268  -0.03136854  -0.37367013  -0.82912595  -0.54081138  -0.11615487  -0.34976094  -0.78784086 
 11.11111100  -0.95373556   0.63121168   0.87816893  -0.63870591  -0.55045901  -0.03527135  -0.36562554  -0.83147275  -0.53796772  -0.11989633  -0.34237728  -0.79013013 
 11.13888900  -0.95812289   0.62488106   0.88269521  -0.63230319  -0.54776529  -0.03915360  -0.35757371  -0.83376112  -0.53507755  -0.12361761  -0.33498724  -0.79236811 
 11.16666700  -0.96244389   0.61852166   0.88715935  -0.62586778  -0.54502248  -0.04301493  -0.34951620  -0.83599105  -0.53214179  -0.12731839  -0.32759216  -0.79455475 
 11.19444400  -0.96669839   0.61213397   0.89156112  -0.61940013  -0.54223157  -0.04685501  -0.34145458  -0.83816253  -0.52916131  -0.13099835  -0.32019336  -0.79669003 
 11.22222200  -0.97088623   0.60571848   0.89590027  -0.61290070  -0.53939354  -0.05067350  -0.33339038  -0.84027558  -0.52613704  -0.13465720  -0.31279216  -0.79877392 
 11.25000000  -0.97500727   0.59927568   0.90017658  -0.60636995  -0.53650939  -0.05447009  -0.32532515  -0.84233020  -0.52306987  -0.13829463  -0.30538986  -0.80080639 
 11.27777800  -0.97906136   0.59280605   0.90438985  -0.59980832  -0.53358015  -0.05824445  -0.31726041  -0.84432644  -0.51996076  -0.14191035  -0.29798776  -0.80278746 
 11.30555600  -0.98304839   0.58631009   0.90853988  -0.59321628  -0.53060679  -0.06199627  -0.30919763  -0.84626433  -0.51681061  -0.14550408  -0.29058715  -0.80471711 
 11.33333300  -0.98696825   0.57978828   0.91262648  -0.58659430  -0.52759034  -0.06572527  -0.30113829  -0.84814393  -0.51362039  -0.14907553  -0.28318929  -0.80659536 
 11.36111100  -0.99082086   0.57324111   0.91664949  -0.57994282  -0.52453183  -0.06943112  -0.29308386  -0.84996529  -0.51039104  -0.15262443  -0.27579545  -0.80842224 
 11.38888900  -0.99460612   0.56666907   0.92060873  -0.57326232  -0.52143229  -0.07311357  -0.28503576  -0.85172849  -0.50712350  -0.15615052  -0.26840687  -0.81019775 
 11.41666700  -0.99832398   0.56007266   0.92450408  -0.56655327  -0.51829275  -0.07677232  -0.27699542  -0.85343363  -0.50381870  -0.15965353  -0.26102475  -0.81192194 
 11.44444400  -1.00197440   0.55345236   0.92833539  -0.55981611  -0.51511425  -0.08040710  -0.26896423  -0.85508078  -0.50047762  -0.16313321  -0.25365031  -0.81359486 
 11.47222200  -1.00555730   0.54680866   0.93210254  -0.55305133  -0.51189780  -0.08401766  -0.26094356  -0.85667006  -0.49710122  -0.16658931  -0.24628475  -0.81521656 
 11.50000000  -1.00907270   0.54014206   0.93580542  -0.54625939  -0.50864444  -0.08760372  -0.25293476  -0.85820157  -0.49369047  -0.17002159  -0.23892924  -0.81678710 
 11.52777800  -1.01252050   0.53345305   0.93944394  -0.53944075  -0.50535519  -0.09116506  -0.24493914  -0.85967544  -0.49024633  -0.17342982  -0.23158494  -0.81830656 
 11.55555600  -1.01590080   0.52674211   0.94301800  -0.53259588  -0.50203110  -0.09470142  -0.23695800  -0.86109179  -0.48676978  -0.17681377  -0.22425298  -0.81977501 
 11.58333300  -1.01921360   0.52000974   0.94652754  -0.52572526  -0.49867318  -0.09821257  -0.22899262  -0.86245077  -0.48326176  -0.18017321  -0.21693449  -0.82119254 
 11.61111100  -1.02245890   0.51325643   0.94997250  -0.51882936  -0.49528246  -0.10169829  -0.22104425  -0.86375253  -0.47972324  -0.18350793  -0.20963054  -0.82255924 
 11.63888900  -1.02563670   0.50648266   0.95335282  -0.51190863  -0.49185997  -0.10515835  -0.21311410  -0.86499723  -0.47615517  -0.18681773  -0.20234222  -0.82387520 
 11.66666700  -1.02874710   0.49968892   0.95666846  -0.50496356  -0.48840674  -0.10859255  -0.20520340  -0.86618502  -0.47255849  -0.19010240  -0.19507058  -0.82514054 
 11.69444400  -1.03179010   0.49287571   0.95991940  -0.49799461  -0.48492378  -0.11200069  -0.19731330  -0.86731610  -0.46893417  -0.19336174  -0.18781664  -0.82635536 
 11.72222200  -1.03476580   0.48604350   0.96310562  -0.49100225  -0.48141214  -0.11538257  -0.18944498  -0.86839064  -0.46528313  -0.19659557  -0.18058141  -0.82751978 
 11.75000000  -1.03767430   0.47919279   0.96622711  -0.48398696  -0.47787282  -0.11873799  -0.18159954  -0.86940884  -0.46160634  -0.19980370  -0.17336588  -0.82863394 
 11.77777800  -1.04051570   0.47232406   0.96928389  -0.47694921  -0.47430682  -0.12206679  -0.17377808  -0.87037090  -0.45790471  -0.20298596  -0.16617103  -0.82969796 
 11.80555600  -1.04329010   0.46543779   0.97227596  -0.46988946  -0.47071513  -0.12536879  -0.16598166  -0.87127702  -0.45417919  -0.20614218  -0.15899779  -0.83071199 
 11.83333300  -1.04599760   0.45853448   0.97520336  -0.46280818  -0.46709876  -0.12864381  -0.15821133  -0.87212742  -0.45043072  -0.20927219  -0.15184708  -0.83167617 
 11.86111100  -1.04863820   0.45161459   0.97806611  -0.45570585  -0.46345869  -0.13189171  -0.15046809  -0.87292233  -0.44666022  -0.21237584  -0.14471982  -0.83259066 
 11.88888900  -1.05121230   0.44467862   0.98086427  -0.44858294  -0.45979589  -0.13511233  -0.14275294  -0.87366196  -0.44286862  -0.21545297  -0.13761687  -0.83345562 
 11.91666700  -1.05371980   0.43772704   0.98359790  -0.44143992  -0.45611134  -0.13830552  -0.13506681  -0.87434657  -0.43905684  -0.21850345  -0.13053912  -0.83427122 
 11.94444400  -1.05616100   0.43076033   0.98626706  -0.43427725  -0.45240599  -0.14147115  -0.12741065  -0.87497638  -0.43522581  -0.22152713  -0.12348738  -0.83503763 
 11.97222200  -1.05853600   0.42377896   0.98887183  -0.42709540  -0.44868080  -0.14460909  -0.11978535  -0.87555165  -0.43137640  -0.22452389  -0.11646247  -0.83575503 
 12.00000000  -1.06084490   0.41678342   0.99141230  -0.41989485  -0.44493671  -0.14771922  -0.11219178  -0.87607263  -0.42750951  -0.22749360  -0.10946516  -0.83642360 
