  0.00000000
  0.00470263
  0.00940526
  0.01410789
  0.01881052
  0.02350282
  0.02819512
  0.03288742
  0.03757972
  0.04229259
  0.04700547
  0.05171835
  0.05643123
  0.06116028
  0.06588934
  0.07061840
  0.07534746
  0.08005862
  0.08476979
  0.08948096
  0.09419212
  0.09889263
  0.10359315
  0.10829366
  0.11299417
  0.11771074
  0.12242730
  0.12714386
  0.13186043
  0.13656600
  0.14127157
  0.14597714
  0.15068271
  0.15536714
  0.16005156
  0.16473599
  0.16942041
  0.17415296
  0.17888551
  0.18361805
  0.18835060
  0.19302855
  0.19770651
  0.20238446
  0.20706241
  0.21182317
  0.21658394
  0.22134470
  0.22610546
  0.23073702
  0.23536859
  0.24000015
  0.24463172
  0.24937118
  0.25411064
  0.25885011
  0.26358957
  0.26829055
  0.27299154
  0.27769252
  0.28239350
  0.28708081
  0.29176813
  0.29645545
  0.30114277
  0.30584894
  0.31055511
  0.31526129
  0.31996746
  0.32467453
  0.32938160
  0.33408867
  0.33879573
  0.34345428
  0.34811282
  0.35277136
  0.35742991
  0.36210089
  0.36677187
  0.37144285
  0.37611383
  0.38080541
  0.38549699
  0.39018857
  0.39488015
  0.39954836
  0.40421657
  0.40888478
  0.41355299
  0.41822472
  0.42289646
  0.42756820
  0.43223994
  0.43686954
  0.44149914
  0.44612874
  0.45075834
  0.45540598
  0.46005362
  0.46470126
  0.46934890
  0.47395661
  0.47856431
  0.48317202
  0.48777973
  0.49240507
  0.49703042
  0.50165576
  0.50628111
  0.51091157
  0.51554202
  0.52017248
  0.52480294
  0.52940385
  0.53400476
  0.53860567
  0.54320658
  0.54781606
  0.55242553
  0.55703501
  0.56164449
  0.56627935
  0.57091422
  0.57554908
  0.58018395
  0.58480337
  0.58942280
  0.59404223
  0.59866166
  0.60324596
  0.60783026
  0.61241457
  0.61699887
  0.62162055
  0.62624223
  0.63086391
  0.63548559
  0.64010960
  0.64473360
  0.64935761
  0.65398161
  0.65859719
  0.66321277
  0.66782836
  0.67244394
  0.67702840
  0.68161286
  0.68619732
  0.69078178
  0.69536719
  0.69995260
  0.70453802
  0.70912343
  0.71370365
  0.71828387
  0.72286410
  0.72744432
  0.73201445
  0.73658458
  0.74115471
  0.74572484
  0.75029908
  0.75487331
  0.75944755
  0.76402179
  0.76857660
  0.77313141
  0.77768622
  0.78224103
  0.78683867
  0.79143630
  0.79603394
  0.80063157
  0.80523256
  0.80983354
  0.81443453
  0.81903551
  0.82364995
  0.82826439
  0.83287882
  0.83749326
  0.84206754
  0.84664183
  0.85121611
  0.85579039
  0.86034720
  0.86490400
  0.86946081
  0.87401761
  0.87860567
  0.88319372
  0.88778178
  0.89236983
  0.89693244
  0.90149506
  0.90605767
  0.91062028
  0.91519414
  0.91976799
  0.92434184
  0.92891570
  0.93352064
  0.93812558
  0.94273051
  0.94733545
  0.95191525
  0.95649504
  0.96107484
  0.96565463
  0.97023433
  0.97481403
  0.97939373
  0.98397343
  0.98858496
  0.99319648
  0.99780801
  1.00241953
  1.00702299
  1.01162645
  1.01622990
  1.02083336
  1.02543326
  1.03003316
  1.03463306
  1.03923295
  1.04383686
  1.04844076
  1.05304466
  1.05764856
  1.06223286
  1.06681715
  1.07140145
  1.07598574
  1.08056090
  1.08513605
  1.08971121
  1.09428636
  1.09888506
  1.10348376
  1.10808246
  1.11268115
  1.11728142
  1.12188168
  1.12648194
  1.13108221
  1.13563367
  1.14018513
  1.14473660
  1.14928806
  1.15388054
  1.15847302
  1.16306550
  1.16765798
  1.17223339
  1.17680880
  1.18138421
  1.18595962
  1.19053572
  1.19511182
  1.19968792
  1.20426401
  1.20885816
  1.21345230
  1.21804644
  1.22264059
  1.22723730
  1.23183401
  1.23643072
  1.24102743
  1.24557747
  1.25012751
  1.25467756
  1.25922760
  1.26380556
  1.26838352
  1.27296148
  1.27753944
  1.28210910
  1.28667876
  1.29124842
  1.29581807
  1.30035848
  1.30489890
  1.30943931
  1.31397972
  1.31852115
  1.32306258
  1.32760401
  1.33214544
  1.33669071
  1.34123598
  1.34578125
  1.35032652
  1.35487074
  1.35941496
  1.36395918
  1.36850341
  1.37308073
  1.37765805
  1.38223537
  1.38681269
  1.39135475
  1.39589681
  1.40043887
  1.40498092
  1.40959296
  1.41420499
  1.41881702
  1.42342905
  1.42794428
  1.43245951
  1.43697474
  1.44148996
  1.44601751
  1.45054505
  1.45507260
  1.45960014
  1.46415003
  1.46869993
  1.47324982
  1.47779971
  1.48232946
  1.48685920
  1.49138895
  1.49591870
  1.50050245
  1.50508620
  1.50966995
  1.51425370
  1.51878292
  1.52331213
  1.52784135
  1.53237056
  1.53693931
  1.54150805
  1.54607679
  1.55064554
  1.55517272
  1.55969991
  1.56422710
  1.56875428
  1.57329529
  1.57783631
  1.58237732
  1.58691833
  1.59149561
  1.59607290
  1.60065018
  1.60522746
  1.60979061
  1.61435376
  1.61891692
  1.62348007
  1.62806496
  1.63264985
  1.63723474
  1.64181963
  1.64635806
  1.65089649
  1.65543491
  1.65997334
  1.66449074
  1.66900815
  1.67352555
  1.67804295
  1.68260133
  1.68715970
  1.69171808
  1.69627645
  1.70081601
  1.70535557
  1.70989513
  1.71443468
  1.71895693
  1.72347917
  1.72800141
  1.73252365
  1.73704594
  1.74156822
  1.74609051
  1.75061279
  1.75515746
  1.75970213
  1.76424679
  1.76879146
  1.77329434
  1.77779723
  1.78230011
  1.78680299
  1.79134206
  1.79588113
  1.80042020
  1.80495927
  1.80950778
  1.81405628
  1.81860479
  1.82315329
  1.82767058
  1.83218787
  1.83670516
  1.84122245
  1.84574355
  1.85026465
  1.85478575
  1.85930686
  1.86382536
  1.86834386
  1.87286236
  1.87738086
  1.88191024
  1.88643962
  1.89096900
  1.89549838
  1.89998746
  1.90447653
  1.90896561
  1.91345469
  1.91796265
  1.92247062
  1.92697859
  1.93148655
  1.93600981
  1.94053307
  1.94505633
  1.94957958
  1.95408706
  1.95859454
  1.96310201
  1.96760949
  1.97213347
  1.97665745
  1.98118142
  1.98570540
  1.99019827
  1.99469113
  1.99918399
  2.00367685
  2.00818310
  2.01268936
  2.01719561
  2.02170186
  2.02617872
  2.03065557
  2.03513243
  2.03960929
  2.04413516
  2.04866103
  2.05318690
  2.05771277
  2.06220507
  2.06669736
  2.07118965
  2.07568194
  2.08018889
  2.08469584
  2.08920279
  2.09370974
  2.09821182
  2.10271391
  2.10721599
  2.11171807
  2.11618115
  2.12064423
  2.12510731
  2.12957038
  2.13404766
  2.13852494
  2.14300221
  2.14747949
  2.15199923
  2.15651897
  2.16103870
  2.16555844
  2.17002852
  2.17449860
  2.17896867
  2.18343875
  2.18793953
  2.19244031
  2.19694108
  2.20144186
  2.20593467
  2.21042747
  2.21492027
  2.21941307
  2.22388412
  2.22835517
  2.23282622
  2.23729727
  2.24184616
  2.24639505
  2.25094395
  2.25549284
  2.25998971
  2.26448659
  2.26898346
  2.27348034
  2.27798850
  2.28249666
  2.28700482
  2.29151298
  2.29603260
  2.30055222
  2.30507183
  2.30959145
  2.31405627
  2.31852109
  2.32298591
  2.32745073
  2.33196314
  2.33647556
  2.34098798
  2.34550040
  2.35000327
  2.35450614
  2.35900901
  2.36351188
  2.36802064
  2.37252939
  2.37703814
  2.38154689
  2.38609913
  2.39065137
  2.39520361
  2.39975585
  2.40429273
  2.40882962
  2.41336650
  2.41790338
  2.42241824
  2.42693311
  2.43144797
  2.43596283
  2.44053539
  2.44510794
  2.44968049
  2.45425305
  2.45880445
  2.46335585
  2.46790725
  2.47245865
  2.47698883
  2.48151900
  2.48604918
  2.49057936
  2.49511008
  2.49964080
  2.50417152
  2.50870224
  2.51326178
  2.51782133
  2.52238087
  2.52694041
  2.53143968
  2.53593895
  2.54043823
  2.54493750
  2.54944845
  2.55395941
  2.55847036
  2.56298132
  2.56751287
  2.57204443
  2.57657598
  2.58110754
  2.58560322
  2.59009890
  2.59459459
  2.59909027
  2.60357248
  2.60805470
  2.61253692
  2.61701914
  2.62148817
  2.62595720
  2.63042623
  2.63489526
  2.63938939
  2.64388352
  2.64837765
  2.65287178
  2.65731994
  2.66176809
  2.66621625
  2.67066440
  2.67515825
  2.67965210
  2.68414594
  2.68863979
  2.69308585
  2.69753191
  2.70197797
  2.70642404
  2.71086505
  2.71530607
  2.71974709
  2.72418811
  2.72864716
  2.73310621
  2.73756526
  2.74202431
  2.74643048
  2.75083665
  2.75524282
  2.75964899
  2.76407530
  2.76850161
  2.77292792
  2.77735423
  2.78179604
  2.78623785
  2.79067966
  2.79512147
  2.79952863
  2.80393579
  2.80834295
  2.81275011
  2.81715466
  2.82155920
  2.82596375
  2.83036829
  2.83478568
  2.83920307
  2.84362046
  2.84803785
  2.85244581
  2.85685376
  2.86126172
  2.86566968
  2.87008196
  2.87449424
  2.87890652
  2.88331880
  2.88772473
  2.89213066
  2.89653658
  2.90094251
  2.90531619
  2.90968987
  2.91406355
  2.91843723
  2.92285188
  2.92726654
  2.93168119
  2.93609584
  2.94047003
  2.94484422
  2.94921841
  2.95359261
  2.95796943
  2.96234626
  2.96672309
  2.97109991
  2.97548580
  2.97987169
  2.98425758
  2.98864347
  2.99301183
  2.99738018
  3.00174854
  3.00611689
  3.01049679
  3.01487668
  3.01925658
  3.02363648
  3.02801493
  3.03239339
  3.03677184
  3.04115030
  3.04556876
  3.04998722
  3.05440568
  3.05882414
  3.06319213
  3.06756013
  3.07192812
  3.07629612
  3.08067687
  3.08505763
  3.08943838
  3.09381914
  3.09820405
  3.10258896
  3.10697387
  3.11135878
  3.11573361
  3.12010843
  3.12448325
  3.12885807
  3.13324358
  3.13762909
  3.14201460
  3.14640011
  3.15077222
  3.15514433
  3.15951644
  3.16388856
  3.16829732
  3.17270609
  3.17711485
  3.18152362
  3.18593082
  3.19033803
  3.19474523
  3.19915244
  3.20358126
  3.20801007
  3.21243889
  3.21686771
  3.22128327
  3.22569884
  3.23011440
  3.23452996
  3.23896353
  3.24339710
  3.24783067
  3.25226424
  3.25669756
  3.26113088
  3.26556421
  3.26999753
  3.27438946
  3.27878139
  3.28317332
  3.28756525
  3.29197189
  3.29637853
  3.30078517
  3.30519181
  3.30960402
  3.31401623
  3.31842845
  3.32284066
  3.32723899
  3.33163733
  3.33603566
  3.34043399
  3.34484459
  3.34925519
  3.35366579
  3.35807639
  3.36246359
  3.36685080
  3.37123800
  3.37562521
  3.38001251
  3.38439980
  3.38878710
  3.39317439
  3.39752511
  3.40187583
  3.40622655
  3.41057727
  3.41492191
  3.41926655
  3.42361119
  3.42795583
  3.43226980
  3.43658378
  3.44089776
  3.44521173
  3.44954902
  3.45388631
  3.45822360
  3.46256089
  3.46690085
  3.47124081
  3.47558077
  3.47992073
  3.48422062
  3.48852052
  3.49282041
  3.49712031
  3.50141886
  3.50571741
  3.51001596
  3.51431452
  3.51860854
  3.52290257
  3.52719660
  3.53149063
  3.53578445
  3.54007827
  3.54437209
  3.54866592
  3.55294731
  3.55722871
  3.56151011
  3.56579151
  3.57007052
  3.57434953
  3.57862854
  3.58290756
  3.58719924
  3.59149093
  3.59578262
  3.60007431
  3.60433262
  3.60859094
  3.61284925
  3.61710757
  3.62137927
  3.62565097
  3.62992267
  3.63419436
  3.63847454
  3.64275471
  3.64703489
  3.65131506
  3.65557872
  3.65984238
  3.66410604
  3.66836970
  3.67261372
  3.67685775
  3.68110178
  3.68534580
  3.68958468
  3.69382355
  3.69806242
  3.70230129
  3.70654940
  3.71079750
  3.71504560
  3.71929371
  3.72357169
  3.72784968
  3.73212767
  3.73640565
  3.74063607
  3.74486648
  3.74909690
  3.75332731
  3.75757400
  3.76182068
  3.76606737
  3.77031405
  3.77454998
  3.77878590
  3.78302182
  3.78725774
  3.79149747
  3.79573721
  3.79997694
  3.80421667
  3.80847113
  3.81272558
  3.81698004
  3.82123449
  3.82549459
  3.82975469
  3.83401478
  3.83827488
  3.84251760
  3.84676032
  3.85100303
  3.85524575
  3.85956826
  3.86389077
  3.86821327
  3.87253578
  3.87682173
  3.88110767
  3.88539362
  3.88967956
  3.89395165
  3.89822373
  3.90249581
  3.90676789
  3.91104669
  3.91532550
  3.91960430
  3.92388311
  3.92814857
  3.93241404
  3.93667951
  3.94094497
  3.94523071
  3.94951644
  3.95380218
  3.95808791
  3.96241726
  3.96674660
  3.97107594
  3.97540529
  3.97969275
  3.98398021
  3.98826767
  3.99255513
  3.99688068
  4.00120623
  4.00553178
  4.00985733
  4.01412088
  4.01838444
  4.02264799
  4.02691154
  4.03117272
  4.03543389
  4.03969506
  4.04395624
  4.04826224
  4.05256824
  4.05687424
  4.06118024
  4.06543556
  4.06969089
  4.07394621
  4.07820154
  4.08246100
  4.08672047
  4.09097993
  4.09523940
  4.09944957
  4.10365974
  4.10786991
  4.11208008
  4.11631067
  4.12054127
  4.12477186
  4.12900245
  4.13322279
  4.13744313
  4.14166347
  4.14588380
  4.15008500
  4.15428620
  4.15848740
  4.16268860
  4.16688289
  4.17107719
  4.17527148
  4.17946577
  4.18365642
  4.18784706
  4.19203771
  4.19622836
  4.20042311
  4.20461787
  4.20881263
  4.21300738
  4.21719200
  4.22137661
  4.22556122
  4.22974584
  4.23393371
  4.23812159
  4.24230946
  4.24649734
  4.25068264
  4.25486794
  4.25905324
  4.26323855
  4.26741114
  4.27158374
  4.27575633
  4.27992893
  4.28411316
  4.28829739
  4.29248162
  4.29666585
  4.30082858
  4.30499131
  4.30915404
  4.31331677
  4.31747414
  4.32163151
  4.32578888
  4.32994625
  4.33412167
  4.33829709
  4.34247251
  4.34664793
  4.35081124
  4.35497455
  4.35913786
  4.36330116
  4.36748149
  4.37166182
  4.37584214
  4.38002247
  4.38416955
  4.38831664
  4.39246372
  4.39661080
  4.40079336
  4.40497591
  4.40915847
  4.41334102
  4.41751047
  4.42167991
  4.42584936
  4.43001880
  4.43421065
  4.43840249
  4.44259433
  4.44678617
  4.45098426
  4.45518235
  4.45938044
  4.46357853
  4.46777215
  4.47196576
  4.47615937
  4.48035299
  4.48455226
  4.48875152
  4.49295079
  4.49715006
  4.50134438
  4.50553870
  4.50973302
  4.51392734
  4.51813194
  4.52233653
  4.52654113
  4.53074573
  4.53496449
  4.53918325
  4.54340202
  4.54762078
  4.55180429
  4.55598781
  4.56017132
  4.56435483
  4.56856590
  4.57277697
  4.57698804
  4.58119910
  4.58539228
  4.58958546
  4.59377863
  4.59797181
  4.60212256
  4.60627331
  4.61042405
  4.61457480
  4.61872815
  4.62288150
  4.62703484
  4.63118819
  4.63539016
  4.63959213
  4.64379410
  4.64799607
  4.65217275
  4.65634942
  4.66052610
  4.66470278
  4.66886825
  4.67303373
  4.67719920
  4.68136468
  4.68550395
  4.68964323
  4.69378250
  4.69792177
  4.70209765
  4.70627353
  4.71044941
  4.71462528
  4.71878084
  4.72293639
  4.72709194
  4.73124749
  4.73538798
  4.73952847
  4.74366896
  4.74780945
  4.75196424
  4.75611902
  4.76027381
  4.76442859
  4.76855042
  4.77267226
  4.77679409
  4.78091592
  4.78504772
  4.78917951
  4.79331131
  4.79744311
  4.80159175
  4.80574038
  4.80988901
  4.81403765
  4.81813524
  4.82223283
  4.82633042
  4.83042801
  4.83454143
  4.83865485
  4.84276827
  4.84688170
  4.85099815
  4.85511461
  4.85923107
  4.86334752
  4.86743792
  4.87152831
  4.87561870
  4.87970909
  4.88380846
  4.88790783
  4.89200720
  4.89610657
  4.90020616
  4.90430575
  4.90840534
  4.91250493
  4.91661613
  4.92072732
  4.92483852
  4.92894972
  4.93305036
  4.93715100
  4.94125164
  4.94535227
  4.94948091
  4.95360955
  4.95773819
  4.96186683
  4.96600047
  4.97013411
  4.97426775
  4.97840139
  4.98251409
  4.98662679
  4.99073949
  4.99485219
  4.99895979
  5.00306739
  5.00717499
  5.01128259
  5.01541338
  5.01954417
  5.02367496
  5.02780575
  5.03190619
  5.03600664
  5.04010708
  5.04420753
  5.04830925
  5.05241097
  5.05651269
  5.06061441
  5.06472681
  5.06883920
  5.07295160
  5.07706400
  5.08115027
  5.08523654
  5.08932281
  5.09340908
  5.09752632
  5.10164355
  5.10576078
  5.10987801
  5.11397645
  5.11807488
  5.12217331
  5.12627174
  5.13039216
  5.13451257
  5.13863299
  5.14275341
  5.14684842
  5.15094344
  5.15503846
  5.15913348
  5.16323044
  5.16732740
  5.17142436
  5.17552132
  5.17960986
  5.18369840
  5.18778694
  5.19187549
  5.19598122
  5.20008696
  5.20419270
  5.20829844
  5.21239232
  5.21648620
  5.22058008
  5.22467396
  5.22874517
  5.23281637
  5.23688758
  5.24095879
  5.24506473
  5.24917068
  5.25327662
  5.25738256
  5.26148974
  5.26559691
  5.26970408
  5.27381126
  5.27788245
  5.28195365
  5.28602485
  5.29009605
  5.29420685
  5.29831766
  5.30242846
  5.30653927
  5.31065408
  5.31476888
  5.31888369
  5.32299849
  5.32709658
  5.33119467
  5.33529276
  5.33939084
  5.34348024
  5.34756964
  5.35165904
  5.35574844
  5.35986995
  5.36399146
  5.36811297
  5.37223448
  5.37633419
  5.38043389
  5.38453360
  5.38863330
  5.39273889
  5.39684447
  5.40095006
  5.40505565
  5.40913676
  5.41321788
  5.41729900
  5.42138012
  5.42546272
  5.42954533
  5.43362793
  5.43771054
  5.44178569
  5.44586084
  5.44993599
  5.45401113
  5.45807296
  5.46213479
  5.46619662
  5.47025844
  5.47431066
  5.47836287
  5.48241509
  5.48646731
  5.49051150
  5.49455569
  5.49859988
  5.50264407
  5.50668365
  5.51072322
  5.51476280
  5.51880238
  5.52285343
  5.52690449
  5.53095555
  5.53500660
  5.53902064
  5.54303467
  5.54704871
  5.55106274
  5.55511522
  5.55916770
  5.56322018
  5.56727266
  5.57132031
  5.57536797
  5.57941563
  5.58346329
  5.58749552
  5.59152774
  5.59555997
  5.59959220
  5.60364478
  5.60769735
  5.61174993
  5.61580251
  5.61981804
  5.62383356
  5.62784909
  5.63186462
  5.63589256
  5.63992050
  5.64394845
  5.64797639
  5.65202722
  5.65607805
  5.66012889
  5.66417972
  5.66821974
  5.67225976
  5.67629978
  5.68033980
  5.68440053
  5.68846126
  5.69252199
  5.69658272
  5.70060184
  5.70462095
  5.70864007
  5.71265919
  5.71672876
  5.72079833
  5.72486789
  5.72893746
  5.73298042
  5.73702337
  5.74106633
  5.74510928
  5.74917430
  5.75323932
  5.75730434
  5.76136936
  5.76542554
  5.76948171
  5.77353789
  5.77759407
  5.78167921
  5.78576435
  5.78984949
  5.79393463
  5.79796071
  5.80198679
  5.80601288
  5.81003896
  5.81408973
  5.81814049
  5.82219126
  5.82624203
  5.83030444
  5.83436686
  5.83842928
  5.84249169
  5.84652022
  5.85054875
  5.85457727
  5.85860580
  5.86262292
  5.86664005
  5.87065717
  5.87467430
  5.87871988
  5.88276546
  5.88681104
  5.89085663
  5.89487074
  5.89888485
  5.90289897
  5.90691308
  5.91091310
  5.91491312
  5.91891313
  5.92291315
  5.92689871
  5.93088428
  5.93486984
  5.93885541
  5.94284262
  5.94682982
  5.95081703
  5.95480424
  5.95882160
  5.96283896
  5.96685632
  5.97087368
  5.97482277
  5.97877185
  5.98272094
  5.98667003
  5.99065252
  5.99463501
  5.99861751
  6.00260000
  6.00659734
  6.01059468
  6.01459202
  6.01858936
  6.02253282
  6.02647628
  6.03041974
  6.03436321
  6.03833588
  6.04230855
  6.04628123
  6.05025390
  6.05422448
  6.05819505
  6.06216563
  6.06613621
  6.07010446
  6.07407271
  6.07804096
  6.08200922
  6.08595526
  6.08990131
  6.09384735
  6.09779340
  6.10172212
  6.10565084
  6.10957956
  6.11350828
  6.11744862
  6.12138896
  6.12532930
  6.12926963
  6.13324279
  6.13721594
  6.14118909
  6.14516224
  6.14909029
  6.15301834
  6.15694639
  6.16087444
  6.16478989
  6.16870534
  6.17262079
  6.17653625
  6.18052230
  6.18450836
  6.18849441
  6.19248047
  6.19639074
  6.20030102
  6.20421129
  6.20812157
  6.21203305
  6.21594453
  6.21985601
  6.22376749
  6.22774838
  6.23172927
  6.23571017
  6.23969106
  6.24362536
  6.24755966
  6.25149396
  6.25542826
  6.25933030
  6.26323234
  6.26713438
  6.27103642
  6.27496322
  6.27889002
  6.28281682
  6.28674362
  6.29069150
  6.29463938
  6.29858726
  6.30253514
  6.30648000
  6.31042485
  6.31436971
  6.31831456
  6.32227321
  6.32623186
  6.33019051
  6.33414916
  6.33811303
  6.34207690
  6.34604078
  6.35000465
  6.35402205
  6.35803945
  6.36205685
  6.36607426
  6.37002261
  6.37397097
  6.37791932
  6.38186768
  6.38586163
  6.38985558
  6.39384953
  6.39784348
  6.40183104
  6.40581861
  6.40980618
  6.41379375
  6.41775022
  6.42170668
  6.42566315
  6.42961962
  6.43361667
  6.43761371
  6.44161076
  6.44560781
  6.44959286
  6.45357791
  6.45756297
  6.46154802
  6.46551452
  6.46948102
  6.47344752
  6.47741401
  6.48140167
  6.48538933
  6.48937698
  6.49336464
  6.49731636
  6.50126808
  6.50521979
  6.50917151
  6.51314168
  6.51711185
  6.52108202
  6.52505219
  6.52899834
  6.53294449
  6.53689064
  6.54083679
  6.54478388
  6.54873096
  6.55267805
  6.55662513
  6.56056478
  6.56450444
  6.56844409
  6.57238374
  6.57632905
  6.58027437
  6.58421969
  6.58816501
  6.59211327
  6.59606153
  6.60000979
  6.60395805
  6.60791990
  6.61188175
  6.61584360
  6.61980545
  6.62376737
  6.62772929
  6.63169121
  6.63565313
  6.63961804
  6.64358295
  6.64754786
  6.65151277
  6.65542930
  6.65934584
  6.66326237
  6.66717890
  6.67111919
  6.67505948
  6.67899976
  6.68294005
  6.68689523
  6.69085041
  6.69480559
  6.69876077
  6.70272752
  6.70669428
  6.71066103
  6.71462778
  6.71858298
  6.72253818
  6.72649338
  6.73044858
  6.73439950
  6.73835041
  6.74230133
  6.74625224
  6.75019073
  6.75412922
  6.75806771
  6.76200620
  6.76596508
  6.76992396
  6.77388284
  6.77784173
  6.78185383
  6.78586593
  6.78987803
  6.79389014
  6.79785731
  6.80182449
  6.80579166
  6.80975883
  6.81373787
  6.81771690
  6.82169593
  6.82567496
  6.82966117
  6.83364737
  6.83763358
  6.84161979
  6.84558465
  6.84954951
  6.85351438
  6.85747924
  6.86145799
  6.86543674
  6.86941549
  6.87339423
  6.87733528
  6.88127633
  6.88521737
  6.88915842
  6.89314453
  6.89713065
  6.90111676
  6.90510287
  6.90904089
  6.91297890
  6.91691692
  6.92085493
  6.92483712
  6.92881931
  6.93280150
  6.93678369
  6.94081851
  6.94485334
  6.94888817
  6.95292300
  6.95687359
  6.96082419
  6.96477478
  6.96872538
  6.97273977
  6.97675416
  6.98076855
  6.98478293
  6.98878105
  6.99277916
  6.99677728
  7.00077539
  7.00475797
  7.00874054
  7.01272312
  7.01670569
  7.02071114
  7.02471659
  7.02872204
  7.03272748
  7.03678236
  7.04083723
  7.04489210
  7.04894697
  7.05296277
  7.05697856
  7.06099436
  7.06501016
  7.06902346
  7.07303676
  7.07705006
  7.08106335
  7.08507422
  7.08908508
  7.09309595
  7.09710681
  7.10114117
  7.10517553
  7.10920988
  7.11324424
  7.11728622
  7.12132819
  7.12537017
  7.12941214
  7.13343616
  7.13746018
  7.14148421
  7.14550823
  7.14954168
  7.15357513
  7.15760858
  7.16164204
  7.16570463
  7.16976722
  7.17382981
  7.17789240
  7.18187990
  7.18586739
  7.18985488
  7.19384238
  7.19787837
  7.20191436
  7.20595036
  7.20998635
  7.21398641
  7.21798647
  7.22198653
  7.22598658
  7.23000958
  7.23403257
  7.23805557
  7.24207856
  7.24611546
  7.25015236
  7.25418925
  7.25822615
  7.26225136
  7.26627656
  7.27030177
  7.27432697
  7.27835770
  7.28238843
  7.28641916
  7.29044989
  7.29451404
  7.29857820
  7.30264235
  7.30670650
  7.31072411
  7.31474171
  7.31875931
  7.32277692
  7.32680782
  7.33083873
  7.33486963
  7.33890054
  7.34294503
  7.34698952
  7.35103402
  7.35507851
  7.35911251
  7.36314650
  7.36718049
  7.37121449
  7.37525351
  7.37929254
  7.38333157
  7.38737060
  7.39139996
  7.39542933
  7.39945869
  7.40348806
  7.40756181
  7.41163556
  7.41570931
  7.41978307
  7.42387499
  7.42796692
  7.43205885
  7.43615078
  7.44020739
  7.44426401
  7.44832063
  7.45237725
  7.45642693
  7.46047662
  7.46452631
  7.46857599
  7.47263924
  7.47670249
  7.48076573
  7.48482898
  7.48890925
  7.49298951
  7.49706978
  7.50115004
  7.50524997
  7.50934990
  7.51344982
  7.51754975
  7.52164443
  7.52573912
  7.52983380
  7.53392848
  7.53804785
  7.54216721
  7.54628657
  7.55040593
  7.55453552
  7.55866512
  7.56279471
  7.56692430
  7.57103299
  7.57514168
  7.57925038
  7.58335907
  7.58748852
  7.59161798
  7.59574744
  7.59987689
  7.60399926
  7.60812163
  7.61224399
  7.61636636
  7.62051255
  7.62465874
  7.62880493
  7.63295112
  7.63705859
  7.64116605
  7.64527351
  7.64938098
  7.65349796
  7.65761494
  7.66173193
  7.66584891
  7.66993486
  7.67402081
  7.67810676
  7.68219271
  7.68630781
  7.69042290
  7.69453800
  7.69865310
  7.70275282
  7.70685254
  7.71095226
  7.71505199
  7.71916669
  7.72328139
  7.72739609
  7.73151079
  7.73562190
  7.73973301
  7.74384411
  7.74795522
  7.75206898
  7.75618274
  7.76029651
  7.76441027
  7.76853868
  7.77266709
  7.77679550
  7.78092391
  7.78503128
  7.78913865
  7.79324601
  7.79735338
  7.80150102
  7.80564866
  7.80979630
  7.81394394
  7.81804355
  7.82214315
  7.82624276
  7.83034236
  7.83446575
  7.83858914
  7.84271253
  7.84683592
  7.85098819
  7.85514047
  7.85929275
  7.86344503
  7.86754984
  7.87165466
  7.87575948
  7.87986429
  7.88400732
  7.88815036
  7.89229339
  7.89643642
  7.90056681
  7.90469720
  7.90882759
  7.91295798
  7.91710691
  7.92125583
  7.92540475
  7.92955367
  7.93372083
  7.93788799
  7.94205515
  7.94622231
  7.95039316
  7.95456402
  7.95873487
  7.96290572
  7.96707143
  7.97123714
  7.97540285
  7.97956857
  7.98375865
  7.98794874
  7.99213883
  7.99632891
  8.00056483
  8.00480075
  8.00903666
  8.01327258
  8.01746960
  8.02166663
  8.02586366
  8.03006069
  8.03429899
  8.03853729
  8.04277559
  8.04701389
  8.05122998
  8.05544606
  8.05966215
  8.06387824
  8.06808676
  8.07229527
  8.07650379
  8.08071231
  8.08495819
  8.08920407
  8.09344995
  8.09769583
  8.10191407
  8.10613231
  8.11035054
  8.11456878
  8.11877520
  8.12298162
  8.12718804
  8.13139446
  8.13558941
  8.13978435
  8.14397929
  8.14817423
  8.15235058
  8.15652693
  8.16070328
  8.16487963
  8.16912509
  8.17337055
  8.17761601
  8.18186147
  8.18603839
  8.19021530
  8.19439222
  8.19856914
  8.20279062
  8.20701211
  8.21123360
  8.21545508
  8.21963856
  8.22382204
  8.22800552
  8.23218899
  8.23636039
  8.24053179
  8.24470319
  8.24887459
  8.25308110
  8.25728761
  8.26149412
  8.26570063
  8.26985227
  8.27400390
  8.27815554
  8.28230717
  8.28648786
  8.29066855
  8.29484923
  8.29902992
  8.30319883
  8.30736775
  8.31153666
  8.31570557
  8.31987977
  8.32405397
  8.32822816
  8.33240236
  8.33656101
  8.34071967
  8.34487832
  8.34903698
  8.35325399
  8.35747101
  8.36168803
  8.36590505
  8.37004363
  8.37418221
  8.37832079
  8.38245938
  8.38666185
  8.39086431
  8.39506678
  8.39926925
  8.40344648
  8.40762370
  8.41180093
  8.41597815
  8.42012763
  8.42427711
  8.42842659
  8.43257608
  8.43677930
  8.44098253
  8.44518576
  8.44938898
  8.45359208
  8.45779517
  8.46199826
  8.46620135
  8.47038607
  8.47457079
  8.47875551
  8.48294024
  8.48709172
  8.49124321
  8.49539469
  8.49954618
  8.50373802
  8.50792986
  8.51212170
  8.51631354
  8.52052040
  8.52472725
  8.52893411
  8.53314097
  8.53732970
  8.54151843
  8.54570716
  8.54989589
  8.55402359
  8.55815129
  8.56227899
  8.56640668
  8.57059091
  8.57477513
  8.57895935
  8.58314357
  8.58726236
  8.59138116
  8.59549996
  8.59961875
  8.60378651
  8.60795426
  8.61212201
  8.61628976
  8.62045529
  8.62462081
  8.62878633
  8.63295185
  8.63712611
  8.64130036
  8.64547461
  8.64964887
  8.65379720
  8.65794554
  8.66209387
  8.66624221
  8.67036641
  8.67449060
  8.67861480
  8.68273900
  8.68690067
  8.69106234
  8.69522401
  8.69938568
  8.70352871
  8.70767175
  8.71181478
  8.71595781
  8.72009198
  8.72422614
  8.72836031
  8.73249448
  8.73667585
  8.74085721
  8.74503858
  8.74921995
  8.75336127
  8.75750259
  8.76164390
  8.76578522
  8.76993884
  8.77409245
  8.77824606
  8.78239967
  8.78655068
  8.79070169
  8.79485270
  8.79900371
  8.80314728
  8.80729085
  8.81143442
  8.81557799
  8.81971322
  8.82384846
  8.82798369
  8.83211892
  8.83629458
  8.84047023
  8.84464588
  8.84882154
  8.85296345
  8.85710536
  8.86124727
  8.86538918
  8.86955281
  8.87371644
  8.87788007
  8.88204370
  8.88619735
  8.89035101
  8.89450466
  8.89865832
  8.90282606
  8.90699381
  8.91116155
  8.91532930
  8.91945687
  8.92358444
  8.92771201
  8.93183958
  8.93596146
  8.94008334
  8.94420521
  8.94832709
  8.95248215
  8.95663722
  8.96079228
  8.96494735
  8.96909944
  8.97325153
  8.97740363
  8.98155572
  8.98571203
  8.98986835
  8.99402466
  8.99818097
  9.00229376
  9.00640655
  9.01051933
  9.01463212
  9.01876760
  9.02290309
  9.02703857
  9.03117405
  9.03531944
  9.03946482
  9.04361020
  9.04775559
  9.05186176
  9.05596794
  9.06007412
  9.06418029
  9.06830800
  9.07243571
  9.07656342
  9.08069113
  9.08480197
  9.08891281
  9.09302365
  9.09713450
  9.10126227
  9.10539004
  9.10951782
  9.11364559
  9.11777746
  9.12190932
  9.12604119
  9.13017306
  9.13428904
  9.13840502
  9.14252100
  9.14663698
  9.15075660
  9.15487623
  9.15899586
  9.16311549
  9.16725308
  9.17139067
  9.17552826
  9.17966585
  9.18380079
  9.18793573
  9.19207066
  9.19620560
  9.20034502
  9.20448444
  9.20862387
  9.21276329
  9.21690243
  9.22104158
  9.22518072
  9.22931986
  9.23343723
  9.23755460
  9.24167196
  9.24578933
  9.24994597
  9.25410260
  9.25825924
  9.26241587
  9.26655573
  9.27069559
  9.27483545
  9.27897532
  9.28310661
  9.28723791
  9.29136921
  9.29550050
  9.29966282
  9.30382514
  9.30798746
  9.31214978
  9.31629122
  9.32043265
  9.32457409
  9.32871553
  9.33287012
  9.33702471
  9.34117931
  9.34533390
  9.34947758
  9.35362127
  9.35776495
  9.36190864
  9.36605450
  9.37020037
  9.37434623
  9.37849210
  9.38264454
  9.38679698
  9.39094942
  9.39510186
  9.39924151
  9.40338117
  9.40752083
  9.41166048
  9.41581879
  9.41997711
  9.42413542
  9.42829373
  9.43244147
  9.43658920
  9.44073694
  9.44488468
  9.44903954
  9.45319440
  9.45734926
  9.46150412
  9.46564552
  9.46978691
  9.47392830
  9.47806969
  9.48222890
  9.48638810
  9.49054730
  9.49470651
  9.49885293
  9.50299936
  9.50714579
  9.51129221
  9.51544439
  9.51959657
  9.52374874
  9.52790092
  9.53204499
  9.53618906
  9.54033313
  9.54447720
  9.54866230
  9.55284739
  9.55703249
  9.56121759
  9.56536688
  9.56951618
  9.57366547
  9.57781476
  9.58198082
  9.58614688
  9.59031294
  9.59447900
  9.59864200
  9.60280499
  9.60696799
  9.61113099
  9.61530345
  9.61947591
  9.62364837
  9.62782083
  9.63199283
  9.63616483
  9.64033683
  9.64450883
  9.64865514
  9.65280146
  9.65694777
  9.66109409
  9.66527114
  9.66944819
  9.67362524
  9.67780228
  9.68198183
  9.68616137
  9.69034091
  9.69452045
  9.69870354
  9.70288663
  9.70706973
  9.71125282
  9.71543253
  9.71961224
  9.72379195
  9.72797166
  9.73215491
  9.73633816
  9.74052141
  9.74470466
  9.74890387
  9.75310308
  9.75730229
  9.76150151
  9.76570516
  9.76990881
  9.77411246
  9.77831611
  9.78249587
  9.78667563
  9.79085540
  9.79503516
  9.79927116
  9.80350717
  9.80774317
  9.81197917
  9.81623143
  9.82048369
  9.82473594
  9.82898820
  9.83317970
  9.83737119
  9.84156269
  9.84575418
  9.84998285
  9.85421151
  9.85844018
  9.86266884
  9.86688029
  9.87109174
  9.87530318
  9.87951463
  9.88375118
  9.88798774
  9.89222429
  9.89646084
  9.90066970
  9.90487857
  9.90908743
  9.91329629
  9.91750933
  9.92172236
  9.92593540
  9.93014843
  9.93437249
  9.93859654
  9.94282060
  9.94704465
  9.95125753
  9.95547041
  9.95968330
  9.96389618
  9.96813319
  9.97237020
  9.97660721
  9.98084421
  9.98508079
  9.98931736
  9.99355393
  9.99779051
 10.00201909
 10.00624767
 10.01047626
 10.01470484
 10.01894400
 10.02318317
 10.02742234
 10.03166150
 10.03589024
 10.04011898
 10.04434772
 10.04857646
 10.05280150
 10.05702655
 10.06125160
 10.06547664
 10.06974247
 10.07400830
 10.07827413
 10.08253995
 10.08678860
 10.09103724
 10.09528588
 10.09953453
 10.10379628
 10.10805803
 10.11231978
 10.11658153
 10.12084401
 10.12510648
 10.12936896
 10.13363143
 10.13790293
 10.14217443
 10.14644593
 10.15071743
 10.15497531
 10.15923319
 10.16349107
 10.16774895
 10.17204216
 10.17633536
 10.18062857
 10.18492177
 10.18920104
 10.19348031
 10.19775957
 10.20203884
 10.20634602
 10.21065320
 10.21496037
 10.21926755
 10.22357196
 10.22787636
 10.23218077
 10.23648517
 10.24082250
 10.24515982
 10.24949715
 10.25383448
 10.25813784
 10.26244120
 10.26674456
 10.27104792
 10.27540185
 10.27975578
 10.28410970
 10.28846363
 10.29278821
 10.29711280
 10.30143738
 10.30576197
 10.31009309
 10.31442421
 10.31875533
 10.32308645
 10.32743909
 10.33179173
 10.33614437
 10.34049701
 10.34486299
 10.34922897
 10.35359495
 10.35796093
 10.36229294
 10.36662496
 10.37095697
 10.37528898
 10.37968827
 10.38408757
 10.38848686
 10.39288615
 10.39722686
 10.40156758
 10.40590830
 10.41024901
 10.41464609
 10.41904318
 10.42344026
 10.42783735
 10.43221755
 10.43659776
 10.44097796
 10.44535817
 10.44974595
 10.45413373
 10.45852150
 10.46290928
 10.46731868
 10.47172808
 10.47613747
 10.48054687
 10.48498502
 10.48942318
 10.49386134
 10.49829950
 10.50267981
 10.50706013
 10.51144045
 10.51582077
 10.52023002
 10.52463927
 10.52904853
 10.53345778
 10.53787340
 10.54228902
 10.54670464
 10.55112026
 10.55555769
 10.55999513
 10.56443256
 10.56886999
 10.57331428
 10.57775857
 10.58220285
 10.58664714
 10.59105781
 10.59546848
 10.59987915
 10.60428982
 10.60875159
 10.61321337
 10.61767514
 10.62213691
 10.62659307
 10.63104922
 10.63550537
 10.63996152
 10.64439784
 10.64883416
 10.65327048
 10.65770680
 10.66216832
 10.66662984
 10.67109136
 10.67555288
 10.68003064
 10.68450839
 10.68898615
 10.69346391
 10.69791159
 10.70235927
 10.70680696
 10.71125464
 10.71570622
 10.72015781
 10.72460940
 10.72906099
 10.73355935
 10.73805772
 10.74255608
 10.74705445
 10.75153037
 10.75600629
 10.76048221
 10.76495813
 10.76941896
 10.77387979
 10.77834062
 10.78280145
 10.78729940
 10.79179735
 10.79629530
 10.80079325
 10.80524846
 10.80970368
 10.81415890
 10.81861411
 10.82314001
 10.82766591
 10.83219181
 10.83671772
 10.84116284
 10.84560797
 10.85005310
 10.85449822
 10.85899376
 10.86348929
 10.86798483
 10.87248037
 10.87697613
 10.88147189
 10.88596766
 10.89046342
 10.89496958
 10.89947574
 10.90398190
 10.90848805
 10.91297990
 10.91747174
 10.92196359
 10.92645543
 10.93097181
 10.93548820
 10.94000458
 10.94452097
 10.94902329
 10.95352562
 10.95802794
 10.96253027
 10.96706324
 10.97159621
 10.97612919
 10.98066216
 10.98511628
 10.98957041
 10.99402453
 10.99847866
 11.00301537
 11.00755208
 11.01208879
 11.01662549
 11.02114638
 11.02566726
 11.03018814
 11.03470902
 11.03923658
 11.04376414
 11.04829170
 11.05281925
 11.05733020
 11.06184114
 11.06635208
 11.07086302
 11.07540668
 11.07995035
 11.08449402
 11.08903769
 11.09351262
 11.09798755
 11.10246248
 11.10693741
 11.11145326
 11.11596911
 11.12048496
 11.12500081
 11.12952656
 11.13405230
 11.13857805
 11.14310380
 11.14762068
 11.15213756
 11.15665445
 11.16117133
 11.16576687
 11.17036242
 11.17495796
 11.17955351
 11.18412241
 11.18869131
 11.19326020
 11.19782910
 11.20239439
 11.20695968
 11.21152498
 11.21609027
 11.22065117
 11.22521206
 11.22977296
 11.23433386
 11.23894216
 11.24355046
 11.24815876
 11.25276706
 11.25729946
 11.26183186
 11.26636426
 11.27089665
 11.27547347
 11.28005028
 11.28462709
 11.28920390
 11.29380047
 11.29839703
 11.30299360
 11.30759016
 11.31218094
 11.31677172
 11.32136250
 11.32595328
 11.33051236
 11.33507144
 11.33963052
 11.34418960
 11.34873084
 11.35327208
 11.35781332
 11.36235457
 11.36693217
 11.37150977
 11.37608737
 11.38066498
 11.38523070
 11.38979642
 11.39436214
 11.39892786
 11.40349345
 11.40805903
 11.41262462
 11.41719020
 11.42180107
 11.42641194
 11.43102281
 11.43563368
 11.44023192
 11.44483016
 11.44942840
 11.45402664
 11.45859075
 11.46315487
 11.46771899
 11.47228310
 11.47688292
 11.48148275
 11.48608257
 11.49068239
 11.49528004
 11.49987770
 11.50447535
 11.50907301
 11.51364973
 11.51822645
 11.52280317
 11.52737990
 11.53190752
 11.53643513
 11.54096275
 11.54549037
 11.55005758
 11.55462479
 11.55919200
 11.56375921
 11.56831595
 11.57287268
 11.57742942
 11.58198615
 11.58656651
 11.59114688
 11.59572724
 11.60030761
 11.60488994
 11.60947228
 11.61405462
 11.61863696
 11.62317255
 11.62770814
 11.63224373
 11.63677933
 11.64130250
 11.64582568
 11.65034885
 11.65487203
 11.65940282
 11.66393361
 11.66846440
 11.67299519
 11.67754512
 11.68209505
 11.68664497
 11.69119490
 11.69579490
 11.70039490
 11.70499489
 11.70959489
 11.71413643
 11.71867796
 11.72321950
 11.72776103
 11.73226345
 11.73676587
 11.74126829
 11.74577071
 11.75033649
 11.75490228
 11.75946806
 11.76403384
 11.76859167
 11.77314950
 11.77770733
 11.78226516
 11.78678020
 11.79129523
 11.79581026
 11.80032530
 11.80488139
 11.80943748
 11.81399357
 11.81854966
 11.82310453
 11.82765939
 11.83221426
 11.83676912
 11.84130333
 11.84583753
 11.85037173
 11.85490594
 11.85944999
 11.86399404
 11.86853809
 11.87308215
 11.87767263
 11.88226311
 11.88685359
 11.89144407
 11.89598585
 11.90052763
 11.90506940
 11.90961118
 11.91414121
 11.91867123
 11.92320126
 11.92773129
 11.93225468
 11.93677806
 11.94130145
 11.94582484
 11.95036663
 11.95490843
 11.95945022
 11.96399202
 11.96849314
 11.97299425
 11.97749537
 11.98199648
 11.98649736
 11.99099824
 11.99549912
 12.00000000
 12.00470263
 12.00940526
 12.01410789
 12.01881052
 12.02350282
 12.02819512
 12.03288742
 12.03757972
 12.04229259
 12.04700547
 12.05171835
 12.05643123
 12.06116028
 12.06588934
 12.07061840
 12.07534746
 12.08005862
 12.08476979
 12.08948096
 12.09419212
 12.09889263
 12.10359315
 12.10829366
 12.11299417
 12.11771074
 12.12242730
 12.12714386
 12.13186043
 12.13656600
 12.14127157
 12.14597714
 12.15068271
 12.15536714
 12.16005156
 12.16473599
 12.16942041
 12.17415296
 12.17888551
 12.18361805
 12.18835060
 12.19302855
 12.19770651
 12.20238446
 12.20706241
 12.21182317
 12.21658394
 12.22134470
 12.22610546
 12.23073702
 12.23536859
 12.24000015
 12.24463172
 12.24937118
 12.25411064
 12.25885011
 12.26358957
 12.26829055
 12.27299154
 12.27769252
 12.28239350
 12.28708081
 12.29176813
 12.29645545
 12.30114277
 12.30584894
 12.31055511
 12.31526129
 12.31996746
 12.32467453
 12.32938160
 12.33408867
 12.33879573
 12.34345428
 12.34811282
 12.35277136
 12.35742991
 12.36210089
 12.36677187
 12.37144285
 12.37611383
 12.38080541
 12.38549699
 12.39018857
 12.39488015
 12.39954836
 12.40421657
 12.40888478
 12.41355299
 12.41822472
 12.42289646
 12.42756820
 12.43223994
 12.43686954
 12.44149914
 12.44612874
 12.45075834
 12.45540598
 12.46005362
 12.46470126
 12.46934890
 12.47395661
 12.47856431
 12.48317202
 12.48777973
 12.49240507
 12.49703042
 12.50165576
 12.50628111
 12.51091157
 12.51554202
 12.52017248
 12.52480294
 12.52940385
 12.53400476
 12.53860567
 12.54320658
 12.54781606
 12.55242553
 12.55703501
 12.56164449
 12.56627935
 12.57091422
 12.57554908
 12.58018395
 12.58480337
 12.58942280
 12.59404223
 12.59866166
 12.60324596
 12.60783026
 12.61241457
 12.61699887
 12.62162055
 12.62624223
 12.63086391
 12.63548559
 12.64010960
 12.64473360
 12.64935761
 12.65398161
 12.65859719
 12.66321277
 12.66782836
 12.67244394
 12.67702840
 12.68161286
 12.68619732
 12.69078178
 12.69536719
 12.69995260
 12.70453802
 12.70912343
 12.71370365
 12.71828387
 12.72286410
 12.72744432
 12.73201445
 12.73658458
 12.74115471
 12.74572484
 12.75029908
 12.75487331
 12.75944755
 12.76402179
 12.76857660
 12.77313141
 12.77768622
 12.78224103
 12.78683867
 12.79143630
 12.79603394
 12.80063157
 12.80523256
 12.80983354
 12.81443453
 12.81903551
 12.82364995
 12.82826439
 12.83287882
 12.83749326
 12.84206754
 12.84664183
 12.85121611
 12.85579039
 12.86034720
 12.86490400
 12.86946081
 12.87401761
 12.87860567
 12.88319372
 12.88778178
 12.89236983
 12.89693244
 12.90149506
 12.90605767
 12.91062028
 12.91519414
 12.91976799
 12.92434184
 12.92891570
 12.93352064
 12.93812558
 12.94273051
 12.94733545
 12.95191525
 12.95649504
 12.96107484
 12.96565463
 12.97023433
 12.97481403
 12.97939373
 12.98397343
 12.98858496
 12.99319648
 12.99780801
 13.00241953
 13.00702299
 13.01162645
 13.01622990
 13.02083336
 13.02543326
 13.03003316
 13.03463306
 13.03923295
 13.04383686
 13.04844076
 13.05304466
 13.05764856
 13.06223286
 13.06681715
 13.07140145
 13.07598574
 13.08056090
 13.08513605
 13.08971121
 13.09428636
 13.09888506
 13.10348376
 13.10808246
 13.11268115
 13.11728142
 13.12188168
 13.12648194
 13.13108221
 13.13563367
 13.14018513
 13.14473660
 13.14928806
 13.15388054
 13.15847302
 13.16306550
 13.16765798
 13.17223339
 13.17680880
 13.18138421
 13.18595962
 13.19053572
 13.19511182
 13.19968792
 13.20426401
 13.20885816
 13.21345230
 13.21804644
 13.22264059
 13.22723730
 13.23183401
 13.23643072
 13.24102743
 13.24557747
 13.25012751
 13.25467756
 13.25922760
 13.26380556
 13.26838352
 13.27296148
 13.27753944
 13.28210910
 13.28667876
 13.29124842
 13.29581807
 13.30035848
 13.30489890
 13.30943931
 13.31397972
 13.31852115
 13.32306258
 13.32760401
 13.33214544
 13.33669071
 13.34123598
 13.34578125
 13.35032652
 13.35487074
 13.35941496
 13.36395918
 13.36850341
 13.37308073
 13.37765805
 13.38223537
 13.38681269
 13.39135475
 13.39589681
 13.40043887
 13.40498092
 13.40959296
 13.41420499
 13.41881702
 13.42342905
 13.42794428
 13.43245951
 13.43697474
 13.44148996
 13.44601751
 13.45054505
 13.45507260
 13.45960014
 13.46415003
 13.46869993
 13.47324982
 13.47779971
 13.48232946
 13.48685920
 13.49138895
 13.49591870
 13.50050245
 13.50508620
 13.50966995
 13.51425370
 13.51878292
 13.52331213
 13.52784135
 13.53237056
 13.53693931
 13.54150805
 13.54607679
 13.55064554
 13.55517272
 13.55969991
 13.56422710
 13.56875428
 13.57329529
 13.57783631
 13.58237732
 13.58691833
 13.59149561
 13.59607290
 13.60065018
 13.60522746
 13.60979061
 13.61435376
 13.61891692
 13.62348007
 13.62806496
 13.63264985
 13.63723474
 13.64181963
 13.64635806
 13.65089649
 13.65543491
 13.65997334
 13.66449074
 13.66900815
 13.67352555
 13.67804295
 13.68260133
 13.68715970
 13.69171808
 13.69627645
 13.70081601
 13.70535557
 13.70989513
 13.71443468
 13.71895693
 13.72347917
 13.72800141
 13.73252365
 13.73704594
 13.74156822
 13.74609051
 13.75061279
 13.75515746
 13.75970213
 13.76424679
 13.76879146
 13.77329434
 13.77779723
 13.78230011
 13.78680299
 13.79134206
 13.79588113
 13.80042020
 13.80495927
 13.80950778
 13.81405628
 13.81860479
 13.82315329
 13.82767058
 13.83218787
 13.83670516
 13.84122245
 13.84574355
 13.85026465
 13.85478575
 13.85930686
 13.86382536
 13.86834386
 13.87286236
 13.87738086
 13.88191024
 13.88643962
 13.89096900
 13.89549838
 13.89998746
 13.90447653
 13.90896561
 13.91345469
 13.91796265
 13.92247062
 13.92697859
 13.93148655
 13.93600981
 13.94053307
 13.94505633
 13.94957958
 13.95408706
 13.95859454
 13.96310201
 13.96760949
 13.97213347
 13.97665745
 13.98118142
 13.98570540
 13.99019827
 13.99469113
 13.99918399
 14.00367685
 14.00818310
 14.01268936
 14.01719561
 14.02170186
 14.02617872
 14.03065557
 14.03513243
 14.03960929
 14.04413516
 14.04866103
 14.05318690
 14.05771277
 14.06220507
 14.06669736
 14.07118965
 14.07568194
 14.08018889
 14.08469584
 14.08920279
 14.09370974
 14.09821182
 14.10271391
 14.10721599
 14.11171807
 14.11618115
 14.12064423
 14.12510731
 14.12957038
 14.13404766
 14.13852494
 14.14300221
 14.14747949
 14.15199923
 14.15651897
 14.16103870
 14.16555844
 14.17002852
 14.17449860
 14.17896867
 14.18343875
 14.18793953
 14.19244031
 14.19694108
 14.20144186
 14.20593467
 14.21042747
 14.21492027
 14.21941307
 14.22388412
 14.22835517
 14.23282622
 14.23729727
 14.24184616
 14.24639505
 14.25094395
 14.25549284
 14.25998971
 14.26448659
 14.26898346
 14.27348034
 14.27798850
 14.28249666
 14.28700482
 14.29151298
 14.29603260
 14.30055222
 14.30507183
 14.30959145
 14.31405627
 14.31852109
 14.32298591
 14.32745073
 14.33196314
 14.33647556
 14.34098798
 14.34550040
 14.35000327
 14.35450614
 14.35900901
 14.36351188
 14.36802064
 14.37252939
 14.37703814
 14.38154689
 14.38609913
 14.39065137
 14.39520361
 14.39975585
 14.40429273
 14.40882962
 14.41336650
 14.41790338
 14.42241824
 14.42693311
 14.43144797
 14.43596283
 14.44053539
 14.44510794
 14.44968049
 14.45425305
 14.45880445
 14.46335585
 14.46790725
 14.47245865
 14.47698883
 14.48151900
 14.48604918
 14.49057936
 14.49511008
 14.49964080
 14.50417152
 14.50870224
 14.51326178
 14.51782133
 14.52238087
 14.52694041
 14.53143968
 14.53593895
 14.54043823
 14.54493750
 14.54944845
 14.55395941
 14.55847036
 14.56298132
 14.56751287
 14.57204443
 14.57657598
 14.58110754
 14.58560322
 14.59009890
 14.59459459
 14.59909027
 14.60357248
 14.60805470
 14.61253692
 14.61701914
 14.62148817
 14.62595720
 14.63042623
 14.63489526
 14.63938939
 14.64388352
 14.64837765
 14.65287178
 14.65731994
 14.66176809
 14.66621625
 14.67066440
 14.67515825
 14.67965210
 14.68414594
 14.68863979
 14.69308585
 14.69753191
 14.70197797
 14.70642404
 14.71086505
 14.71530607
 14.71974709
 14.72418811
 14.72864716
 14.73310621
 14.73756526
 14.74202431
 14.74643048
 14.75083665
 14.75524282
 14.75964899
 14.76407530
 14.76850161
 14.77292792
 14.77735423
 14.78179604
 14.78623785
 14.79067966
 14.79512147
 14.79952863
 14.80393579
 14.80834295
 14.81275011
 14.81715466
 14.82155920
 14.82596375
 14.83036829
 14.83478568
 14.83920307
 14.84362046
 14.84803785
 14.85244581
 14.85685376
 14.86126172
 14.86566968
 14.87008196
 14.87449424
 14.87890652
 14.88331880
 14.88772473
 14.89213066
 14.89653658
 14.90094251
 14.90531619
 14.90968987
 14.91406355
 14.91843723
 14.92285188
 14.92726654
 14.93168119
 14.93609584
 14.94047003
 14.94484422
 14.94921841
 14.95359261
 14.95796943
 14.96234626
 14.96672309
 14.97109991
 14.97548580
 14.97987169
 14.98425758
 14.98864347
 14.99301183
 14.99738018
 15.00174854
 15.00611689
 15.01049679
 15.01487668
 15.01925658
 15.02363648
 15.02801493
 15.03239339
 15.03677184
 15.04115030
 15.04556876
 15.04998722
 15.05440568
 15.05882414
 15.06319213
 15.06756013
 15.07192812
 15.07629612
 15.08067687
 15.08505763
 15.08943838
 15.09381914
 15.09820405
 15.10258896
 15.10697387
 15.11135878
 15.11573361
 15.12010843
 15.12448325
 15.12885807
 15.13324358
 15.13762909
 15.14201460
 15.14640011
 15.15077222
 15.15514433
 15.15951644
 15.16388856
 15.16829732
 15.17270609
 15.17711485
 15.18152362
 15.18593082
 15.19033803
 15.19474523
 15.19915244
 15.20358126
 15.20801007
 15.21243889
 15.21686771
 15.22128327
 15.22569884
 15.23011440
 15.23452996
 15.23896353
 15.24339710
 15.24783067
 15.25226424
 15.25669756
 15.26113088
 15.26556421
 15.26999753
 15.27438946
 15.27878139
 15.28317332
 15.28756525
 15.29197189
 15.29637853
 15.30078517
 15.30519181
 15.30960402
 15.31401623
 15.31842845
 15.32284066
 15.32723899
 15.33163733
 15.33603566
 15.34043399
 15.34484459
 15.34925519
 15.35366579
 15.35807639
 15.36246359
 15.36685080
 15.37123800
 15.37562521
 15.38001251
 15.38439980
 15.38878710
 15.39317439
 15.39752511
 15.40187583
 15.40622655
 15.41057727
 15.41492191
 15.41926655
 15.42361119
 15.42795583
 15.43226980
 15.43658378
 15.44089776
 15.44521173
 15.44954902
 15.45388631
 15.45822360
 15.46256089
 15.46690085
 15.47124081
 15.47558077
 15.47992073
 15.48422062
 15.48852052
 15.49282041
 15.49712031
 15.50141886
 15.50571741
 15.51001596
 15.51431452
 15.51860854
 15.52290257
 15.52719660
 15.53149063
 15.53578445
 15.54007827
 15.54437209
 15.54866592
 15.55294731
 15.55722871
 15.56151011
 15.56579151
 15.57007052
 15.57434953
 15.57862854
 15.58290756
 15.58719924
 15.59149093
 15.59578262
 15.60007431
 15.60433262
 15.60859094
 15.61284925
 15.61710757
 15.62137927
 15.62565097
 15.62992267
 15.63419436
 15.63847454
 15.64275471
 15.64703489
 15.65131506
 15.65557872
 15.65984238
 15.66410604
 15.66836970
 15.67261372
 15.67685775
 15.68110178
 15.68534580
 15.68958468
 15.69382355
 15.69806242
 15.70230129
 15.70654940
 15.71079750
 15.71504560
 15.71929371
 15.72357169
 15.72784968
 15.73212767
 15.73640565
 15.74063607
 15.74486648
 15.74909690
 15.75332731
 15.75757400
 15.76182068
 15.76606737
 15.77031405
 15.77454997
 15.77878590
 15.78302182
 15.78725774
 15.79149747
 15.79573721
 15.79997694
 15.80421667
 15.80847113
 15.81272558
 15.81698004
 15.82123449
 15.82549459
 15.82975469
 15.83401478
 15.83827488
 15.84251760
 15.84676032
 15.85100303
 15.85524575
 15.85956826
 15.86389077
 15.86821327
 15.87253578
 15.87682173
 15.88110767
 15.88539362
 15.88967956
 15.89395165
 15.89822373
 15.90249581
 15.90676789
 15.91104669
 15.91532550
 15.91960430
 15.92388311
 15.92814857
 15.93241404
 15.93667951
 15.94094497
 15.94523071
 15.94951644
 15.95380218
 15.95808791
 15.96241726
 15.96674660
 15.97107594
 15.97540529
 15.97969275
 15.98398021
 15.98826767
 15.99255513
 15.99688068
 16.00120623
 16.00553178
 16.00985733
 16.01412088
 16.01838444
 16.02264799
 16.02691154
 16.03117272
 16.03543389
 16.03969506
 16.04395624
 16.04826224
 16.05256824
 16.05687424
 16.06118024
 16.06543556
 16.06969089
 16.07394621
 16.07820154
 16.08246100
 16.08672047
 16.09097993
 16.09523940
 16.09944957
 16.10365974
 16.10786991
 16.11208008
 16.11631067
 16.12054127
 16.12477186
 16.12900245
 16.13322279
 16.13744313
 16.14166347
 16.14588380
 16.15008500
 16.15428620
 16.15848740
 16.16268860
 16.16688289
 16.17107719
 16.17527148
 16.17946577
 16.18365642
 16.18784706
 16.19203771
 16.19622836
 16.20042311
 16.20461787
 16.20881263
 16.21300738
 16.21719200
 16.22137661
 16.22556122
 16.22974584
 16.23393371
 16.23812159
 16.24230946
 16.24649734
 16.25068264
 16.25486794
 16.25905324
 16.26323855
 16.26741114
 16.27158374
 16.27575633
 16.27992893
 16.28411316
 16.28829739
 16.29248162
 16.29666585
 16.30082858
 16.30499131
 16.30915404
 16.31331677
 16.31747414
 16.32163151
 16.32578888
 16.32994625
 16.33412167
 16.33829709
 16.34247251
 16.34664793
 16.35081124
 16.35497455
 16.35913786
 16.36330116
 16.36748149
 16.37166182
 16.37584214
 16.38002247
 16.38416955
 16.38831664
 16.39246372
 16.39661080
 16.40079336
 16.40497591
 16.40915847
 16.41334102
 16.41751047
 16.42167991
 16.42584936
 16.43001880
 16.43421065
 16.43840249
 16.44259433
 16.44678617
 16.45098426
 16.45518235
 16.45938044
 16.46357853
 16.46777215
 16.47196576
 16.47615937
 16.48035299
 16.48455226
 16.48875152
 16.49295079
 16.49715006
 16.50134438
 16.50553870
 16.50973302
 16.51392734
 16.51813194
 16.52233653
 16.52654113
 16.53074573
 16.53496449
 16.53918325
 16.54340202
 16.54762078
 16.55180429
 16.55598781
 16.56017132
 16.56435483
 16.56856590
 16.57277697
 16.57698804
 16.58119910
 16.58539228
 16.58958546
 16.59377863
 16.59797181
 16.60212256
 16.60627331
 16.61042405
 16.61457480
 16.61872815
 16.62288150
 16.62703484
 16.63118819
 16.63539016
 16.63959213
 16.64379410
 16.64799607
 16.65217275
 16.65634942
 16.66052610
 16.66470278
 16.66886825
 16.67303373
 16.67719920
 16.68136468
 16.68550395
 16.68964323
 16.69378250
 16.69792177
 16.70209765
 16.70627353
 16.71044941
 16.71462528
 16.71878084
 16.72293639
 16.72709194
 16.73124749
 16.73538798
 16.73952847
 16.74366896
 16.74780945
 16.75196424
 16.75611902
 16.76027381
 16.76442859
 16.76855042
 16.77267226
 16.77679409
 16.78091592
 16.78504772
 16.78917951
 16.79331131
 16.79744311
 16.80159175
 16.80574038
 16.80988901
 16.81403765
 16.81813524
 16.82223283
 16.82633042
 16.83042801
 16.83454143
 16.83865485
 16.84276827
 16.84688170
 16.85099815
 16.85511461
 16.85923107
 16.86334752
 16.86743792
 16.87152831
 16.87561870
 16.87970909
 16.88380846
 16.88790783
 16.89200720
 16.89610657
 16.90020616
 16.90430575
 16.90840534
 16.91250493
 16.91661613
 16.92072732
 16.92483852
 16.92894972
 16.93305036
 16.93715100
 16.94125164
 16.94535227
 16.94948091
 16.95360955
 16.95773819
 16.96186683
 16.96600047
 16.97013411
 16.97426775
 16.97840139
 16.98251409
 16.98662679
 16.99073949
 16.99485219
 16.99895979
 17.00306739
 17.00717499
 17.01128259
 17.01541338
 17.01954417
 17.02367496
 17.02780575
 17.03190619
 17.03600664
 17.04010708
 17.04420753
 17.04830925
 17.05241097
 17.05651269
 17.06061441
 17.06472681
 17.06883920
 17.07295160
 17.07706400
 17.08115027
 17.08523654
 17.08932281
 17.09340908
 17.09752632
 17.10164355
 17.10576078
 17.10987801
 17.11397645
 17.11807488
 17.12217331
 17.12627174
 17.13039216
 17.13451257
 17.13863299
 17.14275341
 17.14684842
 17.15094344
 17.15503846
 17.15913348
 17.16323044
 17.16732740
 17.17142436
 17.17552132
 17.17960986
 17.18369840
 17.18778694
 17.19187549
 17.19598122
 17.20008696
 17.20419270
 17.20829844
 17.21239232
 17.21648620
 17.22058008
 17.22467396
 17.22874517
 17.23281637
 17.23688758
 17.24095879
 17.24506473
 17.24917068
 17.25327662
 17.25738256
 17.26148974
 17.26559691
 17.26970408
 17.27381126
 17.27788245
 17.28195365
 17.28602485
 17.29009605
 17.29420685
 17.29831766
 17.30242846
 17.30653927
 17.31065408
 17.31476888
 17.31888369
 17.32299849
 17.32709658
 17.33119467
 17.33529276
 17.33939084
 17.34348024
 17.34756964
 17.35165904
 17.35574844
 17.35986995
 17.36399146
 17.36811297
 17.37223448
 17.37633419
 17.38043389
 17.38453360
 17.38863330
 17.39273889
 17.39684447
 17.40095006
 17.40505565
 17.40913676
 17.41321788
 17.41729900
 17.42138012
 17.42546272
 17.42954533
 17.43362793
 17.43771054
 17.44178569
 17.44586084
 17.44993599
 17.45401113
 17.45807296
 17.46213479
 17.46619662
 17.47025844
 17.47431066
 17.47836287
 17.48241509
 17.48646731
 17.49051150
 17.49455569
 17.49859988
 17.50264407
 17.50668365
 17.51072322
 17.51476280
 17.51880238
 17.52285343
 17.52690449
 17.53095555
 17.53500660
 17.53902064
 17.54303467
 17.54704871
 17.55106274
 17.55511522
 17.55916770
 17.56322018
 17.56727266
 17.57132031
 17.57536797
 17.57941563
 17.58346329
 17.58749552
 17.59152774
 17.59555997
 17.59959220
 17.60364478
 17.60769735
 17.61174993
 17.61580251
 17.61981804
 17.62383356
 17.62784909
 17.63186462
 17.63589256
 17.63992050
 17.64394845
 17.64797639
 17.65202722
 17.65607805
 17.66012889
 17.66417972
 17.66821974
 17.67225976
 17.67629978
 17.68033980
 17.68440053
 17.68846126
 17.69252199
 17.69658272
 17.70060184
 17.70462095
 17.70864007
 17.71265919
 17.71672876
 17.72079833
 17.72486789
 17.72893746
 17.73298042
 17.73702337
 17.74106632
 17.74510928
 17.74917430
 17.75323932
 17.75730434
 17.76136936
 17.76542554
 17.76948171
 17.77353789
 17.77759407
 17.78167921
 17.78576435
 17.78984949
 17.79393463
 17.79796071
 17.80198679
 17.80601288
 17.81003896
 17.81408973
 17.81814049
 17.82219126
 17.82624203
 17.83030444
 17.83436686
 17.83842928
 17.84249169
 17.84652022
 17.85054875
 17.85457727
 17.85860580
 17.86262292
 17.86664005
 17.87065717
 17.87467430
 17.87871988
 17.88276546
 17.88681104
 17.89085663
 17.89487074
 17.89888485
 17.90289897
 17.90691308
 17.91091310
 17.91491312
 17.91891313
 17.92291315
 17.92689871
 17.93088428
 17.93486984
 17.93885541
 17.94284262
 17.94682982
 17.95081703
 17.95480424
 17.95882160
 17.96283896
 17.96685632
 17.97087368
 17.97482277
 17.97877185
 17.98272094
 17.98667003
 17.99065252
 17.99463501
 17.99861751
 18.00260000
 18.00659734
 18.01059468
 18.01459202
 18.01858936
 18.02253282
 18.02647628
 18.03041974
 18.03436321
 18.03833588
 18.04230855
 18.04628123
 18.05025390
 18.05422448
 18.05819505
 18.06216563
 18.06613621
 18.07010446
 18.07407271
 18.07804096
 18.08200922
 18.08595526
 18.08990131
 18.09384735
 18.09779340
 18.10172212
 18.10565084
 18.10957956
 18.11350828
 18.11744862
 18.12138896
 18.12532930
 18.12926963
 18.13324279
 18.13721594
 18.14118909
 18.14516224
 18.14909029
 18.15301834
 18.15694639
 18.16087444
 18.16478989
 18.16870534
 18.17262079
 18.17653625
 18.18052230
 18.18450836
 18.18849441
 18.19248047
 18.19639074
 18.20030102
 18.20421129
 18.20812157
 18.21203305
 18.21594453
 18.21985601
 18.22376749
 18.22774838
 18.23172927
 18.23571017
 18.23969106
 18.24362536
 18.24755966
 18.25149396
 18.25542826
 18.25933030
 18.26323234
 18.26713438
 18.27103642
 18.27496322
 18.27889002
 18.28281682
 18.28674362
 18.29069150
 18.29463938
 18.29858726
 18.30253514
 18.30648000
 18.31042485
 18.31436971
 18.31831456
 18.32227321
 18.32623186
 18.33019051
 18.33414916
 18.33811303
 18.34207690
 18.34604078
 18.35000465
 18.35402205
 18.35803945
 18.36205685
 18.36607426
 18.37002261
 18.37397097
 18.37791932
 18.38186768
 18.38586163
 18.38985558
 18.39384953
 18.39784348
 18.40183104
 18.40581861
 18.40980618
 18.41379375
 18.41775022
 18.42170668
 18.42566315
 18.42961962
 18.43361667
 18.43761371
 18.44161076
 18.44560781
 18.44959286
 18.45357791
 18.45756297
 18.46154802
 18.46551452
 18.46948102
 18.47344752
 18.47741401
 18.48140167
 18.48538933
 18.48937698
 18.49336464
 18.49731636
 18.50126808
 18.50521979
 18.50917151
 18.51314168
 18.51711185
 18.52108202
 18.52505219
 18.52899834
 18.53294449
 18.53689064
 18.54083679
 18.54478388
 18.54873096
 18.55267805
 18.55662513
 18.56056478
 18.56450444
 18.56844409
 18.57238374
 18.57632905
 18.58027437
 18.58421969
 18.58816501
 18.59211327
 18.59606153
 18.60000979
 18.60395805
 18.60791990
 18.61188175
 18.61584360
 18.61980545
 18.62376737
 18.62772929
 18.63169121
 18.63565313
 18.63961804
 18.64358295
 18.64754786
 18.65151277
 18.65542930
 18.65934584
 18.66326237
 18.66717890
 18.67111919
 18.67505948
 18.67899976
 18.68294005
 18.68689523
 18.69085041
 18.69480559
 18.69876077
 18.70272752
 18.70669428
 18.71066103
 18.71462778
 18.71858298
 18.72253818
 18.72649338
 18.73044858
 18.73439950
 18.73835041
 18.74230133
 18.74625224
 18.75019073
 18.75412922
 18.75806771
 18.76200620
 18.76596508
 18.76992396
 18.77388284
 18.77784173
 18.78185383
 18.78586593
 18.78987803
 18.79389014
 18.79785731
 18.80182449
 18.80579166
 18.80975883
 18.81373787
 18.81771690
 18.82169593
 18.82567496
 18.82966117
 18.83364737
 18.83763358
 18.84161979
 18.84558465
 18.84954951
 18.85351438
 18.85747924
 18.86145799
 18.86543674
 18.86941549
 18.87339423
 18.87733528
 18.88127633
 18.88521737
 18.88915842
 18.89314453
 18.89713065
 18.90111676
 18.90510287
 18.90904089
 18.91297890
 18.91691692
 18.92085493
 18.92483712
 18.92881931
 18.93280150
 18.93678369
 18.94081851
 18.94485334
 18.94888817
 18.95292300
 18.95687359
 18.96082419
 18.96477478
 18.96872538
 18.97273977
 18.97675416
 18.98076855
 18.98478293
 18.98878105
 18.99277916
 18.99677728
 19.00077539
 19.00475797
 19.00874054
 19.01272312
 19.01670569
 19.02071114
 19.02471659
 19.02872204
 19.03272748
 19.03678236
 19.04083723
 19.04489210
 19.04894697
 19.05296277
 19.05697856
 19.06099436
 19.06501016
 19.06902346
 19.07303676
 19.07705006
 19.08106335
 19.08507422
 19.08908508
 19.09309595
 19.09710681
 19.10114117
 19.10517553
 19.10920988
 19.11324424
 19.11728622
 19.12132819
 19.12537017
 19.12941214
 19.13343616
 19.13746018
 19.14148421
 19.14550823
 19.14954168
 19.15357513
 19.15760858
 19.16164204
 19.16570463
 19.16976722
 19.17382981
 19.17789240
 19.18187990
 19.18586739
 19.18985488
 19.19384238
 19.19787837
 19.20191436
 19.20595036
 19.20998635
 19.21398641
 19.21798647
 19.22198653
 19.22598658
 19.23000958
 19.23403257
 19.23805557
 19.24207856
 19.24611546
 19.25015236
 19.25418925
 19.25822615
 19.26225136
 19.26627656
 19.27030177
 19.27432697
 19.27835770
 19.28238843
 19.28641916
 19.29044989
 19.29451404
 19.29857820
 19.30264235
 19.30670650
 19.31072411
 19.31474171
 19.31875931
 19.32277692
 19.32680782
 19.33083873
 19.33486963
 19.33890054
 19.34294503
 19.34698952
 19.35103402
 19.35507851
 19.35911251
 19.36314650
 19.36718049
 19.37121449
 19.37525351
 19.37929254
 19.38333157
 19.38737060
 19.39139996
 19.39542933
 19.39945869
 19.40348806
 19.40756181
 19.41163556
 19.41570931
 19.41978307
 19.42387499
 19.42796692
 19.43205885
 19.43615078
 19.44020739
 19.44426401
 19.44832063
 19.45237725
 19.45642693
 19.46047662
 19.46452631
 19.46857599
 19.47263924
 19.47670249
 19.48076573
 19.48482898
 19.48890925
 19.49298951
 19.49706978
 19.50115004
 19.50524997
 19.50934990
 19.51344982
 19.51754975
 19.52164443
 19.52573912
 19.52983380
 19.53392848
 19.53804785
 19.54216721
 19.54628657
 19.55040593
 19.55453552
 19.55866512
 19.56279471
 19.56692430
 19.57103299
 19.57514168
 19.57925038
 19.58335907
 19.58748852
 19.59161798
 19.59574744
 19.59987689
 19.60399926
 19.60812163
 19.61224399
 19.61636636
 19.62051255
 19.62465874
 19.62880493
 19.63295112
 19.63705859
 19.64116605
 19.64527351
 19.64938098
 19.65349796
 19.65761494
 19.66173193
 19.66584891
 19.66993486
 19.67402081
 19.67810676
 19.68219271
 19.68630781
 19.69042290
 19.69453800
 19.69865310
 19.70275282
 19.70685254
 19.71095226
 19.71505199
 19.71916669
 19.72328139
 19.72739609
 19.73151079
 19.73562190
 19.73973301
 19.74384411
 19.74795522
 19.75206898
 19.75618274
 19.76029651
 19.76441027
 19.76853868
 19.77266709
 19.77679550
 19.78092391
 19.78503128
 19.78913865
 19.79324601
 19.79735338
 19.80150102
 19.80564866
 19.80979630
 19.81394394
 19.81804355
 19.82214315
 19.82624276
 19.83034236
 19.83446575
 19.83858914
 19.84271253
 19.84683592
 19.85098819
 19.85514047
 19.85929275
 19.86344503
 19.86754984
 19.87165466
 19.87575948
 19.87986429
 19.88400732
 19.88815036
 19.89229339
 19.89643642
 19.90056681
 19.90469720
 19.90882759
 19.91295798
 19.91710691
 19.92125583
 19.92540475
 19.92955367
 19.93372083
 19.93788799
 19.94205515
 19.94622231
 19.95039316
 19.95456402
 19.95873487
 19.96290572
 19.96707143
 19.97123714
 19.97540285
 19.97956857
 19.98375865
 19.98794874
 19.99213883
 19.99632891
 20.00056483
 20.00480075
 20.00903666
 20.01327258
 20.01746960
 20.02166663
 20.02586366
 20.03006069
 20.03429899
 20.03853729
 20.04277559
 20.04701389
 20.05122998
 20.05544606
 20.05966215
 20.06387824
 20.06808676
 20.07229527
 20.07650379
 20.08071231
 20.08495819
 20.08920407
 20.09344995
 20.09769583
 20.10191407
 20.10613231
 20.11035054
 20.11456878
 20.11877520
 20.12298162
 20.12718804
 20.13139446
 20.13558941
 20.13978435
 20.14397929
 20.14817423
 20.15235058
 20.15652693
 20.16070328
 20.16487963
 20.16912509
 20.17337055
 20.17761601
 20.18186147
 20.18603839
 20.19021530
 20.19439222
 20.19856914
 20.20279062
 20.20701211
 20.21123360
 20.21545508
 20.21963856
 20.22382204
 20.22800552
 20.23218899
 20.23636039
 20.24053179
 20.24470319
 20.24887459
 20.25308110
 20.25728761
 20.26149412
 20.26570063
 20.26985227
 20.27400390
 20.27815554
 20.28230717
 20.28648786
 20.29066855
 20.29484923
 20.29902992
 20.30319883
 20.30736775
 20.31153666
 20.31570557
 20.31987977
 20.32405397
 20.32822816
 20.33240236
 20.33656101
 20.34071967
 20.34487832
 20.34903698
 20.35325399
 20.35747101
 20.36168803
 20.36590505
 20.37004363
 20.37418221
 20.37832079
 20.38245938
 20.38666185
 20.39086431
 20.39506678
 20.39926925
 20.40344648
 20.40762370
 20.41180093
 20.41597815
 20.42012763
 20.42427711
 20.42842659
 20.43257608
 20.43677930
 20.44098253
 20.44518576
 20.44938898
 20.45359208
 20.45779517
 20.46199826
 20.46620135
 20.47038607
 20.47457079
 20.47875551
 20.48294024
 20.48709172
 20.49124321
 20.49539469
 20.49954618
 20.50373802
 20.50792986
 20.51212170
 20.51631354
 20.52052040
 20.52472725
 20.52893411
 20.53314097
 20.53732970
 20.54151843
 20.54570716
 20.54989589
 20.55402359
 20.55815129
 20.56227899
 20.56640668
 20.57059091
 20.57477513
 20.57895935
 20.58314357
 20.58726236
 20.59138116
 20.59549996
 20.59961875
 20.60378651
 20.60795426
 20.61212201
 20.61628976
 20.62045529
 20.62462081
 20.62878633
 20.63295185
 20.63712611
 20.64130036
 20.64547461
 20.64964887
 20.65379720
 20.65794554
 20.66209387
 20.66624221
 20.67036641
 20.67449060
 20.67861480
 20.68273900
 20.68690067
 20.69106234
 20.69522401
 20.69938568
 20.70352871
 20.70767175
 20.71181478
 20.71595781
 20.72009198
 20.72422614
 20.72836031
 20.73249448
 20.73667585
 20.74085721
 20.74503858
 20.74921995
 20.75336127
 20.75750259
 20.76164390
 20.76578522
 20.76993884
 20.77409245
 20.77824606
 20.78239967
 20.78655068
 20.79070169
 20.79485270
 20.79900371
 20.80314728
 20.80729085
 20.81143442
 20.81557799
 20.81971322
 20.82384846
 20.82798369
 20.83211892
 20.83629458
 20.84047023
 20.84464588
 20.84882154
 20.85296345
 20.85710536
 20.86124727
 20.86538918
 20.86955281
 20.87371644
 20.87788007
 20.88204370
 20.88619735
 20.89035101
 20.89450466
 20.89865832
 20.90282606
 20.90699381
 20.91116155
 20.91532930
 20.91945687
 20.92358444
 20.92771201
 20.93183958
 20.93596146
 20.94008334
 20.94420521
 20.94832709
 20.95248215
 20.95663722
 20.96079228
 20.96494735
 20.96909944
 20.97325153
 20.97740363
 20.98155572
 20.98571203
 20.98986835
 20.99402466
 20.99818097
 21.00229376
 21.00640655
 21.01051933
 21.01463212
 21.01876760
 21.02290309
 21.02703857
 21.03117405
 21.03531944
 21.03946482
 21.04361020
 21.04775559
 21.05186176
 21.05596794
 21.06007412
 21.06418029
 21.06830800
 21.07243571
 21.07656342
 21.08069113
 21.08480197
 21.08891281
 21.09302365
 21.09713450
 21.10126227
 21.10539004
 21.10951782
 21.11364559
 21.11777746
 21.12190932
 21.12604119
 21.13017306
 21.13428904
 21.13840502
 21.14252100
 21.14663698
 21.15075660
 21.15487623
 21.15899586
 21.16311549
 21.16725308
 21.17139067
 21.17552826
 21.17966585
 21.18380079
 21.18793573
 21.19207066
 21.19620560
 21.20034502
 21.20448444
 21.20862387
 21.21276329
 21.21690243
 21.22104158
 21.22518072
 21.22931986
 21.23343723
 21.23755460
 21.24167196
 21.24578933
 21.24994597
 21.25410260
 21.25825924
 21.26241587
 21.26655573
 21.27069559
 21.27483545
 21.27897532
 21.28310661
 21.28723791
 21.29136921
 21.29550050
 21.29966282
 21.30382514
 21.30798746
 21.31214978
 21.31629122
 21.32043265
 21.32457409
 21.32871553
 21.33287012
 21.33702471
 21.34117931
 21.34533390
 21.34947758
 21.35362127
 21.35776495
 21.36190864
 21.36605450
 21.37020037
 21.37434623
 21.37849210
 21.38264454
 21.38679698
 21.39094942
 21.39510186
 21.39924151
 21.40338117
 21.40752083
 21.41166048
 21.41581879
 21.41997711
 21.42413542
 21.42829373
 21.43244147
 21.43658920
 21.44073694
 21.44488468
 21.44903954
 21.45319440
 21.45734926
 21.46150412
 21.46564552
 21.46978691
 21.47392830
 21.47806969
 21.48222890
 21.48638810
 21.49054730
 21.49470651
 21.49885293
 21.50299936
 21.50714579
 21.51129221
 21.51544439
 21.51959657
 21.52374874
 21.52790092
 21.53204499
 21.53618906
 21.54033313
 21.54447720
 21.54866230
 21.55284739
 21.55703249
 21.56121759
 21.56536688
 21.56951618
 21.57366547
 21.57781476
 21.58198082
 21.58614688
 21.59031294
 21.59447900
 21.59864200
 21.60280499
 21.60696799
 21.61113099
 21.61530345
 21.61947591
 21.62364837
 21.62782083
 21.63199283
 21.63616483
 21.64033683
 21.64450883
 21.64865514
 21.65280146
 21.65694777
 21.66109409
 21.66527114
 21.66944819
 21.67362524
 21.67780228
 21.68198183
 21.68616137
 21.69034091
 21.69452045
 21.69870354
 21.70288663
 21.70706973
 21.71125282
 21.71543253
 21.71961224
 21.72379195
 21.72797166
 21.73215491
 21.73633816
 21.74052141
 21.74470466
 21.74890387
 21.75310308
 21.75730229
 21.76150151
 21.76570516
 21.76990881
 21.77411246
 21.77831611
 21.78249587
 21.78667563
 21.79085540
 21.79503516
 21.79927116
 21.80350717
 21.80774317
 21.81197917
 21.81623143
 21.82048369
 21.82473594
 21.82898820
 21.83317970
 21.83737119
 21.84156269
 21.84575418
 21.84998285
 21.85421151
 21.85844018
 21.86266884
 21.86688029
 21.87109174
 21.87530318
 21.87951463
 21.88375118
 21.88798774
 21.89222429
 21.89646084
 21.90066970
 21.90487857
 21.90908743
 21.91329629
 21.91750933
 21.92172236
 21.92593540
 21.93014843
 21.93437249
 21.93859654
 21.94282060
 21.94704465
 21.95125753
 21.95547041
 21.95968330
 21.96389618
 21.96813319
 21.97237020
 21.97660721
 21.98084421
 21.98508079
 21.98931736
 21.99355393
 21.99779051
 22.00201909
 22.00624767
 22.01047626
 22.01470484
 22.01894400
 22.02318317
 22.02742234
 22.03166150
 22.03589024
 22.04011898
 22.04434772
 22.04857646
 22.05280150
 22.05702655
 22.06125160
 22.06547664
 22.06974247
 22.07400830
 22.07827413
 22.08253995
 22.08678860
 22.09103724
 22.09528588
 22.09953453
 22.10379628
 22.10805803
 22.11231978
 22.11658153
 22.12084401
 22.12510648
 22.12936896
 22.13363143
 22.13790293
 22.14217443
 22.14644593
 22.15071743
 22.15497531
 22.15923319
 22.16349107
 22.16774895
 22.17204216
 22.17633536
 22.18062857
 22.18492177
 22.18920104
 22.19348031
 22.19775957
 22.20203884
 22.20634602
 22.21065320
 22.21496037
 22.21926755
 22.22357196
 22.22787636
 22.23218077
 22.23648517
 22.24082250
 22.24515982
 22.24949715
 22.25383448
 22.25813784
 22.26244120
 22.26674456
 22.27104792
 22.27540185
 22.27975578
 22.28410970
 22.28846363
 22.29278821
 22.29711280
 22.30143738
 22.30576197
 22.31009309
 22.31442421
 22.31875533
 22.32308645
 22.32743909
 22.33179173
 22.33614437
 22.34049701
 22.34486299
 22.34922897
 22.35359495
 22.35796093
 22.36229294
 22.36662496
 22.37095697
 22.37528898
 22.37968827
 22.38408757
 22.38848686
 22.39288615
 22.39722686
 22.40156758
 22.40590830
 22.41024901
 22.41464609
 22.41904318
 22.42344026
 22.42783735
 22.43221755
 22.43659776
 22.44097796
 22.44535817
 22.44974595
 22.45413373
 22.45852150
 22.46290928
 22.46731868
 22.47172808
 22.47613747
 22.48054687
 22.48498502
 22.48942318
 22.49386134
 22.49829950
 22.50267981
 22.50706013
 22.51144045
 22.51582077
 22.52023002
 22.52463927
 22.52904853
 22.53345778
 22.53787340
 22.54228902
 22.54670464
 22.55112026
 22.55555769
 22.55999513
 22.56443256
 22.56886999
 22.57331428
 22.57775857
 22.58220285
 22.58664714
 22.59105781
 22.59546848
 22.59987915
 22.60428982
 22.60875159
 22.61321337
 22.61767514
 22.62213691
 22.62659307
 22.63104922
 22.63550537
 22.63996152
 22.64439784
 22.64883416
 22.65327048
 22.65770680
 22.66216832
 22.66662984
 22.67109136
 22.67555288
 22.68003064
 22.68450839
 22.68898615
 22.69346391
 22.69791159
 22.70235927
 22.70680696
 22.71125464
 22.71570622
 22.72015781
 22.72460940
 22.72906099
 22.73355935
 22.73805772
 22.74255608
 22.74705445
 22.75153037
 22.75600629
 22.76048221
 22.76495813
 22.76941896
 22.77387979
 22.77834062
 22.78280145
 22.78729940
 22.79179735
 22.79629530
 22.80079325
 22.80524846
 22.80970368
 22.81415890
 22.81861411
 22.82314001
 22.82766591
 22.83219181
 22.83671772
 22.84116284
 22.84560797
 22.85005310
 22.85449822
 22.85899376
 22.86348929
 22.86798483
 22.87248037
 22.87697613
 22.88147189
 22.88596766
 22.89046342
 22.89496958
 22.89947574
 22.90398190
 22.90848805
 22.91297990
 22.91747174
 22.92196359
 22.92645543
 22.93097181
 22.93548820
 22.94000458
 22.94452097
 22.94902329
 22.95352562
 22.95802794
 22.96253027
 22.96706324
 22.97159621
 22.97612919
 22.98066216
 22.98511628
 22.98957041
 22.99402453
 22.99847866
 23.00301537
 23.00755208
 23.01208879
 23.01662549
 23.02114638
 23.02566726
 23.03018814
 23.03470902
 23.03923658
 23.04376414
 23.04829170
 23.05281925
 23.05733020
 23.06184114
 23.06635208
 23.07086302
 23.07540668
 23.07995035
 23.08449402
 23.08903769
 23.09351262
 23.09798755
 23.10246248
 23.10693741
 23.11145326
 23.11596911
 23.12048496
 23.12500081
 23.12952656
 23.13405230
 23.13857805
 23.14310380
 23.14762068
 23.15213756
 23.15665445
 23.16117133
 23.16576687
 23.17036242
 23.17495796
 23.17955351
 23.18412241
 23.18869131
 23.19326020
 23.19782910
 23.20239439
 23.20695968
 23.21152498
 23.21609027
 23.22065117
 23.22521206
 23.22977296
 23.23433386
 23.23894216
 23.24355046
 23.24815876
 23.25276706
 23.25729946
 23.26183186
 23.26636426
 23.27089665
 23.27547347
 23.28005028
 23.28462709
 23.28920390
 23.29380047
 23.29839703
 23.30299360
 23.30759016
 23.31218094
 23.31677172
 23.32136250
 23.32595328
 23.33051236
 23.33507144
 23.33963052
 23.34418960
 23.34873084
 23.35327208
 23.35781332
 23.36235457
 23.36693217
 23.37150977
 23.37608737
 23.38066498
 23.38523070
 23.38979642
 23.39436214
 23.39892786
 23.40349345
 23.40805903
 23.41262462
 23.41719020
 23.42180107
 23.42641194
 23.43102281
 23.43563368
 23.44023192
 23.44483016
 23.44942840
 23.45402664
 23.45859075
 23.46315487
 23.46771899
 23.47228310
 23.47688292
 23.48148275
 23.48608257
 23.49068239
 23.49528004
 23.49987770
 23.50447535
 23.50907301
 23.51364973
 23.51822645
 23.52280317
 23.52737990
 23.53190752
 23.53643513
 23.54096275
 23.54549037
 23.55005758
 23.55462479
 23.55919200
 23.56375921
 23.56831595
 23.57287268
 23.57742942
 23.58198615
 23.58656651
 23.59114688
 23.59572724
 23.60030761
 23.60488994
 23.60947228
 23.61405462
 23.61863696
 23.62317255
 23.62770814
 23.63224373
 23.63677933
 23.64130250
 23.64582568
 23.65034885
 23.65487203
 23.65940282
 23.66393361
 23.66846440
 23.67299519
 23.67754512
 23.68209505
 23.68664497
 23.69119490
 23.69579490
 23.70039490
 23.70499489
 23.70959489
 23.71413643
 23.71867796
 23.72321950
 23.72776103
 23.73226345
 23.73676587
 23.74126829
 23.74577071
 23.75033649
 23.75490228
 23.75946806
 23.76403384
 23.76859167
 23.77314950
 23.77770733
 23.78226516
 23.78678020
 23.79129523
 23.79581026
 23.80032530
 23.80488139
 23.80943748
 23.81399357
 23.81854966
 23.82310453
 23.82765939
 23.83221426
 23.83676912
 23.84130333
 23.84583753
 23.85037173
 23.85490594
 23.85944999
 23.86399404
 23.86853809
 23.87308215
 23.87767263
 23.88226311
 23.88685359
 23.89144407
 23.89598585
 23.90052763
 23.90506940
 23.90961118
 23.91414121
 23.91867123
 23.92320126
 23.92773129
 23.93225468
 23.93677806
 23.94130145
 23.94582484
 23.95036663
 23.95490843
 23.95945022
 23.96399202
 23.96849314
 23.97299425
 23.97749537
 23.98199648
 23.98649736
 23.99099824
 23.99549912
 24.00000000
