  0.99079538  -0.41971221
  0.98987035  -0.41943781
  0.98848313  -0.41902624
  0.98640302  -0.41840895
  0.98328453  -0.41748315
  0.97861052  -0.41609478
  0.97160801  -0.41401303
  0.96112356  -0.41089235
  0.94544114  -0.40621630
  0.92201968  -0.39921539
  0.89640329  -0.39153639
  0.86841195  -0.38312176
  0.83785850  -0.37391216
  0.80455199  -0.36384791
  0.76830207  -0.35287103
  0.72892554  -0.34092815
  0.68625579  -0.32797471
  0.64015613  -0.31398056
  0.59053819  -0.29893768
  0.53738698  -0.28287018
  0.48571360  -0.26732254
  0.43580561  -0.25240208
  0.38778419  -0.23816228
  0.34175990  -0.22464964
  0.29782776  -0.21190207
  0.25606238  -0.19994711
  0.21651390  -0.18880064
  0.17920536  -0.17846619
  0.14413208  -0.16893516
  0.11126293  -0.16018784
  0.08054334  -0.15219527
  0.05189945  -0.14492134
  0.02524252  -0.13832501
  0.00047325  -0.13236220
 -0.02251443  -0.12698734
 -0.04383016  -0.12215459
 -0.06358441  -0.11781875
 -0.08188616  -0.11393609
 -0.09884101  -0.11046501
 -0.11454970  -0.10736650
 -0.12910719  -0.10460447
 -0.14260223  -0.10214584
 -0.15511731  -0.09996040
 -0.16672894  -0.09802065
 -0.17750791  -0.09630156
 -0.18751966  -0.09478036
 -0.19682442  -0.09343642
 -0.20547747  -0.09225113
 -0.21352938  -0.09120778
 -0.22102632  -0.09029140
 -0.22801048  -0.08948861
 -0.23452048  -0.08878740
 -0.24059180  -0.08817696
 -0.24625708  -0.08764754
 -0.25154633  -0.08719038
 -0.25648713  -0.08679755
 -0.26110472  -0.08646201
 -0.26542222  -0.08617742
 -0.26946083  -0.08593816
 -0.27324005  -0.08573918
 -0.27677789  -0.08557595
 -0.28009101  -0.08544437
 -0.28319487  -0.08534077
 -0.28610374  -0.08526181
 -0.28883082  -0.08520455
 -0.29138825  -0.08516632
 -0.29378723  -0.08514477
 -0.29603814  -0.08513779
 -0.29815061  -0.08514350
 -0.30013363  -0.08516020
 -0.30199560  -0.08518636
 -0.30374433  -0.08522062
 -0.30538707  -0.08526175
 -0.30693055  -0.08530867
 -0.30838101  -0.08536042
 -0.30974424  -0.08541615
 -0.31102567  -0.08547511
 -0.31223038  -0.08553662
 -0.31336313  -0.08560010
 -0.31442839  -0.08566500
 -0.31543033  -0.08573086
 -0.31637283  -0.08579728
 -0.31725949  -0.08586388
 -0.31809370  -0.08593038
 -0.31887860  -0.08599649
 -0.31961717  -0.08606200
 -0.32031221  -0.08612669
 -0.32096635  -0.08619039
 -0.32158205  -0.08625296
 -0.32216163  -0.08631428
 -0.32270723  -0.08637425
 -0.32322085  -0.08643278
 -0.32370439  -0.08648980
 -0.32415962  -0.08654528
 -0.32458823  -0.08659918
 -0.32499179  -0.08665146
 -0.32537180  -0.08670210
 -0.32572965  -0.08675112
 -0.32606664  -0.08679849
 -0.32638399  -0.08684424
 -0.32668284  -0.08688837
 -0.32696428  -0.08693090
 -0.32722933  -0.08697185
 -0.32747894  -0.08701126
 -0.32771405  -0.08704915
 -0.32793549  -0.08708554
 -0.32814406  -0.08712049
 -0.32834051  -0.08715401
 -0.32852554  -0.08718615
 -0.32869982  -0.08721694
 -0.32886397  -0.08724642
 -0.32901859  -0.08727463
 -0.32916423  -0.08730161
 -0.32930143  -0.08732739
 -0.32943068  -0.08735200
 -0.32955243  -0.08737550
 -0.32966712  -0.08739790
 -0.32977516  -0.08741924
 -0.32987693  -0.08743955
 -0.32997279  -0.08745886
 -0.33006310  -0.08747718
 -0.33014815  -0.08749453
 -0.33022824  -0.08751090
 -0.33030359  -0.08752625
 -0.33037435  -0.08754047
 -0.33044035  -0.08755320
 -0.33047090  -0.08755854
 -0.33049660  -0.08756140
 -0.33049779  -0.08756014
 -0.33049451  -0.08755822
 -0.33048912  -0.08755596
 -0.33048215  -0.08755340
 -0.33047374  -0.08755053
 -0.33046393  -0.08754734
 -0.33045266  -0.08754379
 -0.33043981  -0.08753987
 -0.33042525  -0.08753551
 -0.33040879  -0.08753067
 -0.33039020  -0.08752528
 -0.33036921  -0.08751928
 -0.33034553  -0.08751258
 -0.33031876  -0.08750510
 -0.33028847  -0.08749670
 -0.33025414  -0.08748727
 -0.33021516  -0.08747665
 -0.33017077  -0.08746464
 -0.33012008  -0.08745102
 -0.33006202  -0.08743554
 -0.32999527  -0.08741785
 -0.32991820  -0.08739755
 -0.32982882  -0.08737417
 -0.32972647  -0.08734756
 -0.32961787  -0.08731948
 -0.32950267  -0.08728986
 -0.32938048  -0.08725860
 -0.32925090  -0.08722561
 -0.32911348  -0.08719077
 -0.32896777  -0.08715398
 -0.32881326  -0.08711512
 -0.32864943  -0.08707407
 -0.32847570  -0.08703070
 -0.32829148  -0.08698486
 -0.32809615  -0.08693642
 -0.32788905  -0.08688521
 -0.32766947  -0.08683107
 -0.32743665  -0.08677382
 -0.32718981  -0.08671328
 -0.32692808  -0.08664924
 -0.32665056  -0.08658149
 -0.32635629  -0.08650980
 -0.32604425  -0.08643391
 -0.32571338  -0.08635358
 -0.32536254  -0.08626852
 -0.32499053  -0.08617843
 -0.32459606  -0.08608300
 -0.32417774  -0.08598188
 -0.32373410  -0.08587470
 -0.32326359  -0.08576106
 -0.32276456  -0.08564053
 -0.32223526  -0.08551267
 -0.32167386  -0.08537697
 -0.32107838  -0.08523291
 -0.32044672  -0.08507992
 -0.31977662  -0.08491739
 -0.31906566  -0.08474464
 -0.31831127  -0.08456097
 -0.31751074  -0.08436559
 -0.31666117  -0.08415766
 -0.31575951  -0.08393627
 -0.31480248  -0.08370045
 -0.31378657  -0.08344912
 -0.31270802  -0.08318114
 -0.31156277  -0.08289524
 -0.31034648  -0.08259006
 -0.30905454  -0.08226411
 -0.30768203  -0.08191576
 -0.30622371  -0.08154325
 -0.30467399  -0.08114465
 -0.30302684  -0.08071788
 -0.30127575  -0.08026065
 -0.29941370  -0.07977046
 -0.29743309  -0.07924458
 -0.29532581  -0.07868000
 -0.29308313  -0.07807343
 -0.29069573  -0.07742126
 -0.28815358  -0.07671957
 -0.28544584  -0.07596400
 -0.28256076  -0.07514983
 -0.27948553  -0.07427184
 -0.27620626  -0.07332427
 -0.27270786  -0.07230079
 -0.26897407  -0.07119441
 -0.26498729  -0.06999744
 -0.26072851  -0.06870138
 -0.25617707  -0.06729690
 -0.25131040  -0.06577369
 -0.24610378  -0.06412039
 -0.24053014  -0.06232441
 -0.23455989  -0.06037185
 -0.22816076  -0.05824730
 -0.22129764  -0.05593377
 -0.21393234  -0.05341243
 -0.20602324  -0.05066258
 -0.19752479  -0.04766135
 -0.18838710  -0.04438357
 -0.17855545  -0.04080150
 -0.16797010  -0.03688461
 -0.15656610  -0.03259938
 -0.14427329  -0.02790914
 -0.13101626  -0.02277401
 -0.11671440  -0.01715081
 -0.10128186  -0.01099313
 -0.08462777  -0.00425146
 -0.06665689   0.00312651
 -0.04727083   0.01119549
 -0.02637009   0.02001178
 -0.00385688   0.02963218
  0.02036148   0.04011256
  0.04636875   0.05150613
  0.07423590   0.06386153
  0.10401726   0.07722087
  0.13574689   0.09161794
  0.16943539   0.10707671
  0.20506743   0.12361034
  0.24260054   0.14122088
  0.28196540   0.15989963
  0.32306809   0.17962835
  0.36579400   0.20038102
  0.41001296   0.22212609
  0.45558505   0.24482876
  0.50236611   0.26845331
  0.55021267   0.29296493
  0.59898575   0.31833134
  0.64855345   0.34452389
  0.69879251   0.37151835
  0.74958882   0.39929532
  0.80083717   0.42784051
  0.85244057   0.45714479
  0.90430909   0.48720420
  0.95635861   0.51801991
  1.00850944   0.54959817
  1.06068494   0.58195031
  1.11281011   0.61509267
  1.16481029   0.64904670
  1.21660979   0.68383890
  1.26813060   0.71950090
  1.31929106   0.75606947
  1.37000449   0.79358652
  1.42017784   0.83209898
  1.46971017   0.87165865
  1.51849122   0.91232188
  1.56639979   0.95414897
  1.61330227   0.99720336
  1.65905110   1.04155039
  1.70348355   1.08725552
  1.74642084   1.13438199
  1.78766794   1.18298773
  1.82701433   1.23312149
  1.86423628   1.28481827
  1.89910081   1.33809414
  1.93137204   1.39294105
  1.96081969   1.44932201
  1.98722973   1.50716778
  2.01041620   1.56637574
  2.03023295   1.62681184
  2.04658347   1.68831583
  2.05942723   1.75070932
  2.06878132   1.81380561
  2.07471722   1.87741983
  2.07735341   1.94137783
  2.07684524   2.00552285
  2.07337377   2.06971956
  2.06713497   2.13385556
  2.05833034   2.19784077
  2.04715950   2.26160560
  2.03381460   2.32509822
  2.01847678   2.38828167
  2.00131389   2.45113092
  1.98247951   2.51363036
  1.96211274   2.57577143
  1.94033853   2.63755079
  1.91726837   2.69896876
  1.89300119   2.76002809
  1.86762436   2.82073301
  1.84121466   2.88108848
  1.81383926   2.94109963
  1.78555666   3.00077133
  1.75641754   3.06010789
  1.72646555   3.11911281
  1.69573801   3.17778864
  1.66426655   3.23613685
  1.63207772   3.29415775
  1.59919348   3.35185044
  1.56563166   3.40921281
  1.53140644   3.46624148
  1.49652863   3.52293182
  1.46100614   3.57927796
  1.42484418   3.63527278
  1.38804562   3.69090796
  1.35061123   3.74617396
  1.31253994   3.80106006
  1.27382908   3.85555441
  1.23447456   3.90964401
  1.19447117   3.96331479
  1.15381269   4.01655163
  1.11249215   4.06933841
  1.07050202   4.12165806
  1.02783439   4.17349264
  0.98448117   4.22482337
  0.94043426   4.27563074
  0.89568579   4.32589461
  0.85022822   4.37559428
  0.80405461   4.42470863
  0.75715873   4.47321622
  0.70953525   4.52109547
  0.66117989   4.56832475
  0.61208961   4.61488261
  0.56226269   4.66074790
  0.51169886   4.70589994
  0.46039943   4.75031874
  0.40836734   4.79398516
  0.35560724   4.83688110
  0.30212547   4.87898966
  0.24793015   4.92029532
  0.19303109   4.96078411
  0.13743978   5.00044373
  0.08116929   5.03926369
  0.02423424   5.07723537
 -0.03334941   5.11435216
 -0.09156438   5.15060947
 -0.15039231   5.18600475
 -0.20981387   5.22053750
 -0.26980892   5.25420928
 -0.33035670   5.28702357
 -0.39143596   5.31898579
 -0.45302516   5.35010316
 -0.51510263   5.38038458
 -0.57764666   5.40984054
 -0.64063569   5.43848297
 -0.70404842   5.46632511
 -0.76786389   5.49338132
 -0.83206162   5.51966701
 -0.89662166   5.54519844
 -0.96152466   5.56999259
 -1.02675195   5.59406703
 -1.09228552   5.61743979
 -1.15810813   5.64012926
 -1.22420326   5.66215401
 -1.29055516   5.68353278
 -1.35714884   5.70428432
 -1.42397005   5.72442733
 -1.49100532   5.74398037
 -1.55824185   5.76296184
 -1.62566761   5.78138986
 -1.69327120   5.79928226
 -1.76104192   5.81665654
 -1.82896969   5.83352984
 -1.89704501   5.84991887
 -1.96525899   5.86583994
 -2.03360327   5.88130892
 -2.10207002   5.89634123
 -2.17065188   5.91095183
 -2.23934197   5.92515523
 -2.30813384   5.93896546
 -2.37702144   5.95239610
 -2.44599913   5.96546027
 -2.50000000   5.97542950
  0.99141217  -0.41989515
  0.99141217  -0.41989515
  0.99141217  -0.41989515
  0.99141217  -0.41989515
  0.99141217  -0.41989515
  0.99141217  -0.41989515
  0.99141217  -0.41989515
  0.99141217  -0.41989515
  0.99141217  -0.41989515
  0.99141217  -0.41989515
  0.99141217  -0.41989515
  0.99141217  -0.41989515
  0.99141217  -0.41989515
  0.99141217  -0.41989515
  0.99141217  -0.41989515
  0.99141217  -0.41989515
  0.99141217  -0.41989515
  0.99141217  -0.41989515
  0.99141217  -0.41989515
  0.99141217  -0.41989515
  0.99141217  -0.41989515
  0.99141217  -0.41989515
  0.99141217  -0.41989515
  0.99141217  -0.41989515
  0.99141217  -0.41989515
  0.99141217  -0.41989515
  0.99141217  -0.41989515
  0.99141217  -0.41989515
  0.99141217  -0.41989515
  0.99141217  -0.41989515
  0.99141217  -0.41989515
  0.99141217  -0.41989515
  0.99141217  -0.41989515
  0.99141217  -0.41989515
  0.99141217  -0.41989515
  0.99141217  -0.41989515
  0.99141217  -0.41989515
  0.99141217  -0.41989515
  0.99141217  -0.41989515
  0.99141217  -0.41989515
  0.99141217  -0.41989515
  0.99141217  -0.41989515
  0.99141217  -0.41989515
  0.99141217  -0.41989515
  0.99141217  -0.41989515
  0.99141217  -0.41989515
  0.99141217  -0.41989515
  0.99141217  -0.41989515
  0.99141217  -0.41989515
  0.99141217  -0.41989515
  0.99141217  -0.41989515
  0.99141217  -0.41989515
  0.99141217  -0.41989515
  0.99141217  -0.41989515
  0.99141217  -0.41989515
  0.99141217  -0.41989515
  0.99141217  -0.41989515
  0.99141217  -0.41989514
  0.99141217  -0.41989514
  0.99141217  -0.41989514
  0.99141217  -0.41989514
  0.99141217  -0.41989514
  0.99141217  -0.41989513
  0.99141217  -0.41989513
  0.99141217  -0.41989513
  0.99141218  -0.41989512
  0.99141218  -0.41989511
  0.99141218  -0.41989510
  0.99141219  -0.41989509
  0.99141219  -0.41989508
  0.99141220  -0.41989506
  0.99141220  -0.41989503
  0.99141221  -0.41989501
  0.99141222  -0.41989497
  0.99141224  -0.41989493
  0.99141226  -0.41989487
  0.99141228  -0.41989480
  0.99141231  -0.41989472
  0.99141234  -0.41989461
  0.99141238  -0.41989448
  0.99141244  -0.41989431
  0.99141250  -0.41989411
  0.99141259  -0.41989385
  0.99141269  -0.41989353
  0.99141282  -0.41989313
  0.99141298  -0.41989264
  0.99141318  -0.41989203
  0.99141342  -0.41989126
  0.99141373  -0.41989031
  0.99141412  -0.41988912
  0.99141459  -0.41988764
  0.99141519  -0.41988580
  0.99141593  -0.41988351
  0.99141685  -0.41988065
  0.99141800  -0.41987710
  0.99141944  -0.41987268
  0.99142122  -0.41986717
  0.99142344  -0.41986031
  0.99142620  -0.41985176
  0.99142964  -0.41984112
  0.99143393  -0.41982787
  0.99143927  -0.41981137
  0.99144591  -0.41979081
  0.99145420  -0.41976520
  0.99146452  -0.41973329
  0.99147738  -0.41969353
  0.99149341  -0.41964397
  0.99151340  -0.41958218
  0.99153832  -0.41950511
  0.99156942  -0.41940895
  0.99160825  -0.41928892
  0.99165675  -0.41913896
  0.99171740  -0.41895147
  0.99179331  -0.41871677
  0.99188847  -0.41842258
  0.99200796  -0.41805315
  0.99215836  -0.41758816
  0.99234822  -0.41700117
  0.99258885  -0.41625720
  0.99289547  -0.41530925
  0.99328901  -0.41409254
  0.99379935  -0.41251471
  0.99447126  -0.41043740
  0.99537711  -0.40763677
  0.99665021  -0.40370077
  0.99860751  -0.39764941
  1.00013665  -0.39292176
  1.00293543  -0.38426882
  1.00425886  -0.38017718
  1.00520481  -0.37725261
  1.00598015  -0.37485551
  1.00666648  -0.37273360
  1.00729607  -0.37078708
  1.00788543  -0.36896498
  1.00844434  -0.36723699
  1.00897896  -0.36558411
  1.00949315  -0.36399442
  1.00998924  -0.36246066
  1.01046851  -0.36097891
  1.01093142  -0.35954772
  1.01137786  -0.35816748
  1.01180722  -0.35684003
  1.01221855  -0.35556833
  1.01261063  -0.35435612
  1.01298208  -0.35320771
  1.01333142  -0.35212768
  1.01365716  -0.35112060
  1.01395792  -0.35019074
  1.01423251  -0.34934180
  1.01448001  -0.34857659
  1.01469990  -0.34789677
  1.01488913  -0.34731173
  1.01503896  -0.34684848
  1.01515797  -0.34648055
  1.01525273  -0.34618759
  1.01532832  -0.34595388
  1.01538873  -0.34576713
  1.01543705  -0.34561773
  1.01547575  -0.34549810
  1.01550676  -0.34540221
  1.01553163  -0.34532532
  1.01555158  -0.34526363
  1.01556760  -0.34521411
  1.01558046  -0.34517436
  1.01559078  -0.34514243
  1.01559908  -0.34511679
  1.01560574  -0.34509618
  1.01561110  -0.34507963
  1.01561540  -0.34506632
  1.01561886  -0.34505563
  1.01562164  -0.34504704
  1.01562387  -0.34504013
  1.01562567  -0.34503458
  1.01562711  -0.34503011
  1.01562827  -0.34502652
  1.01562921  -0.34502364
  1.01562996  -0.34502132
  1.01563056  -0.34501946
  1.01563104  -0.34501796
  1.01563143  -0.34501675
  1.01563175  -0.34501578
  1.01563200  -0.34501500
  1.01563220  -0.34501438
  1.01563237  -0.34501387
  1.01563250  -0.34501347
  1.01563260  -0.34501314
  1.01563269  -0.34501288
  1.01563275  -0.34501267
  1.01563281  -0.34501250
  1.01563285  -0.34501236
  1.01563289  -0.34501225
  1.01563292  -0.34501217
  1.01563294  -0.34501210
  1.01563296  -0.34501204
  1.01563297  -0.34501199
  1.01563299  -0.34501196
  1.01563300  -0.34501193
  1.01563300  -0.34501190
  1.01563301  -0.34501188
  1.01563301  -0.34501187
  1.01563302  -0.34501186
  1.01563302  -0.34501185
  1.01563302  -0.34501184
  1.01563303  -0.34501183
  1.01563303  -0.34501183
  1.01563303  -0.34501182
  1.01563303  -0.34501182
  1.01563303  -0.34501182
  1.01563303  -0.34501181
  1.01563303  -0.34501181
  1.01563303  -0.34501181
  1.01563303  -0.34501181
  1.01563303  -0.34501181
  1.01563303  -0.34501181
  1.01563303  -0.34501181
  1.01563303  -0.34501181
  1.01563303  -0.34501181
  1.01563303  -0.34501181
  1.01563303  -0.34501181
  1.01563303  -0.34501181
  1.01563303  -0.34501181
  1.01563303  -0.34501181
  1.01563303  -0.34501181
  1.01563303  -0.34501181
  1.01563303  -0.34501181
  1.01563303  -0.34501181
  1.01563303  -0.34501181
  1.01563303  -0.34501181
  1.01563303  -0.34501181
  1.01563303  -0.34501181
  1.01563303  -0.34501181
  1.01563303  -0.34501181
  1.01563303  -0.34501181
  1.01563303  -0.34501181
  1.01563303  -0.34501181
  1.01563303  -0.34501181
  1.01563303  -0.34501181
  1.01563303  -0.34501181
  1.01563303  -0.34501181
  1.01563303  -0.34501181
  1.01563303  -0.34501181
  1.01563303  -0.34501181
  1.01563303  -0.34501181
  1.01563303  -0.34501181
  1.01563303  -0.34501181
  1.01563303  -0.34501181
  1.01563303  -0.34501181
  1.01563303  -0.34501181
  1.01563303  -0.34501181
  1.01563303  -0.34501181
  1.01563303  -0.34501181
  1.01563303  -0.34501181
  1.01563303  -0.34501181
  1.01563303  -0.34501181
  1.01563303  -0.34501181
  1.01563303  -0.34501181
  1.01563303  -0.34501181
  1.01563303  -0.34501181
  1.01563303  -0.34501181
  1.01563303  -0.34501181
  1.01563303  -0.34501181
  1.01563303  -0.34501181
  1.01563303  -0.34501181
  1.01563303  -0.34501181
  1.01563303  -0.34501181
  1.01563303  -0.34501181
  1.01563303  -0.34501181
  1.01563303  -0.34501181
  1.01563303  -0.34501181
  1.01563303  -0.34501181
  1.01563303  -0.34501181
  1.01563303  -0.34501181
  1.01563303  -0.34501181
  1.01563303  -0.34501181
  1.01563303  -0.34501181
  1.01563303  -0.34501181
  1.01563303  -0.34501181
  1.01563303  -0.34501181
  1.01563303  -0.34501181
  1.01563303  -0.34501181
  1.01563303  -0.34501181
  1.01563303  -0.34501181
  1.01563303  -0.34501181
  1.01563303  -0.34501181
  1.01563303  -0.34501181
  1.01563303  -0.34501181
  1.01563303  -0.34501181
  1.01563303  -0.34501181
  1.01563303  -0.34501181
  1.01563303  -0.34501181
  1.01563303  -0.34501181
  1.01563303  -0.34501181
  1.01563303  -0.34501181
  1.01563303  -0.34501181
  1.01563303  -0.34501181
  1.01563303  -0.34501181
  1.01563303  -0.34501181
  1.01563303  -0.34501181
  1.01563303  -0.34501181
  1.01563303  -0.34501181
  1.01563303  -0.34501181
  1.01563303  -0.34501181
  1.01563303  -0.34501181
  1.01563303  -0.34501181
  1.01563303  -0.34501181
  1.01563303  -0.34501181
  1.01563303  -0.34501181
  1.01563303  -0.34501181
  1.01563303  -0.34501181
  1.01563303  -0.34501181
  1.01563303  -0.34501181
  1.01563303  -0.34501181
  1.01563303  -0.34501181
  1.01563303  -0.34501181
  1.01563303  -0.34501181
  1.01563303  -0.34501181
  1.01563303  -0.34501181
  1.01563303  -0.34501181
  1.01563303  -0.34501181
  1.01563303  -0.34501181
  1.01563303  -0.34501181
  1.01563303  -0.34501181
  1.01563303  -0.34501181
  1.01563303  -0.34501181
  1.01563303  -0.34501181
  1.01563303  -0.34501181
  1.01563303  -0.34501181
  1.01563303  -0.34501181
  1.01563303  -0.34501181
  1.01563303  -0.34501181
  1.01563303  -0.34501181
  1.01563303  -0.34501181
  1.01563303  -0.34501181
  1.01563303  -0.34501181
  1.01563303  -0.34501181
  1.01563303  -0.34501181
  1.01563303  -0.34501181
  1.01563303  -0.34501181
  1.01563303  -0.34501181
  1.01563303  -0.34501181
  1.01563303  -0.34501181
  1.01563303  -0.34501181
  1.01563303  -0.34501181
  1.01563303  -0.34501181
  1.01563303  -0.34501181
  1.01563303  -0.34501181
  1.01563303  -0.34501181
  1.01563303  -0.34501181
  1.01563303  -0.34501181
  1.01563303  -0.34501181
  1.01563303  -0.34501181
  1.01563303  -0.34501181
  1.01563303  -0.34501181
  1.01563303  -0.34501181
  1.01563303  -0.34501181
  1.01563303  -0.34501181
  1.01563303  -0.34501181
  1.01563303  -0.34501181
  1.01563303  -0.34501181
  1.01563303  -0.34501181
  1.01563303  -0.34501181
  1.01563303  -0.34501181
  1.01563303  -0.34501181
  1.01563303  -0.34501181
  1.01563303  -0.34501181
  1.01563303  -0.34501181
  1.01563303  -0.34501181
  1.01563303  -0.34501181
  1.01563303  -0.34501181
  1.01563303  -0.34501181
  1.01563303  -0.34501181
  1.01563303  -0.34501181
  1.01563303  -0.34501181
  1.01563303  -0.34501181
  1.01563303  -0.34501181
  1.01563303  -0.34501181
  1.01563303  -0.34501181
  1.01563303  -0.34501181
  1.01563303  -0.34501181
  1.01563303  -0.34501181
  1.01563303  -0.34501181
  1.01563303  -0.34501181
  1.01563303  -0.34501181
  1.01563303  -0.34501181
  1.01563303  -0.34501181
  1.01563303  -0.34501181
  1.01563303  -0.34501181
